50
1 2 76.8
1 3 104.7
1 4 62.9
1 5 70.2
1 6 40.5
1 7 76.2
1 8 63.2
1 9 55.0
1 10 81.9
1 11 97.1
1 12 87.0
1 13 78.1
1 14 87.0
1 15 67.7
1 16 57.4
1 17 77.6
1 18 97.3
1 19 63.8
1 20 51.6
1 21 88.2
1 22 50.4
1 23 43.0
1 24 69.0
1 25 118.4
1 26 67.4
1 27 67.5
1 28 41.8
1 29 64.9
1 30 99.8
1 31 77.0
1 32 48.6
1 33 91.4
1 34 103.3
1 35 36.9
1 36 83.4
1 37 66.3
1 38 89.7
1 39 71.0
1 40 35.5
1 41 78.1
1 42 102.8
1 43 43.9
1 44 63.6
1 45 70.9
1 46 82.8
1 47 61.3
1 48 102.7
1 49 62.7
1 50 46.0
2 3 58.6
2 4 38.3
2 5 57.3
2 6 86.4
2 7 52.3
2 8 98.1
2 9 73.4
2 10 79.8
2 11 42.9
2 12 69.3
2 13 93.6
2 14 70.4
2 15 100.3
2 16 88.5
2 17 91.7
2 18 85.0
2 19 56.7
2 20 69.2
2 21 68.5
2 22 101.5
2 23 49.1
2 24 49.2
2 25 63.5
2 26 63.1
2 27 75.5
2 28 89.8
2 29 49.0
2 30 77.3
2 31 61.7
2 32 69.8
2 33 28.3
2 34 61.1
2 35 63.0
2 36 66.9
2 37 68.7
2 38 18.1
2 39 67.9
2 40 84.1
2 41 61.1
2 42 65.2
2 43 70.5
2 44 90.3
2 45 77.4
2 46 80.6
2 47 83.5
2 48 88.8
2 49 45.9
2 50 64.2
3 4 63.9
3 5 110.7
3 6 122.0
3 7 81.1
3 8 147.3
3 9 95.0
3 10 106.7
3 11 98.0
3 12 39.0
3 13 128.0
3 14 99.6
3 15 135.8
3 16 96.2
3 17 120.0
3 18 131.0
3 19 56.3
3 20 92.4
3 21 92.3
3 22 144.7
3 23 70.5
3 24 66.7
3 25 112.4
3 26 86.4
3 27 94.2
3 28 119.0
3 29 103.8
3 30 127.7
3 31 83.2
3 32 77.4
3 33 57.1
3 34 101.1
3 35 99.1
3 36 111.0
3 37 84.8
3 38 64.1
3 39 120.5
3 40 102.6
3 41 57.7
3 42 121.6
3 43 101.5
3 44 140.9
3 45 99.3
3 46 125.1
3 47 115.3
3 48 135.7
3 49 58.4
3 50 99.9
4 5 65.3
4 6 85.8
4 7 78.6
4 8 92.2
4 9 46.2
4 10 47.6
4 11 63.0
4 12 64.0
4 13 107.6
4 14 45.3
4 15 76.1
4 16 55.8
4 17 107.4
4 18 102.1
4 19 63.0
4 20 53.5
4 21 60.4
4 22 92.4
4 23 22.2
4 24 66.7
4 25 93.0
4 26 57.9
4 27 85.5
4 28 85.2
4 29 64.1
4 30 96.7
4 31 36.5
4 32 40.4
4 33 35.1
4 34 77.5
4 35 65.3
4 36 82.8
4 37 30.6
4 38 41.7
4 39 68.8
4 40 57.5
4 41 45.6
4 42 86.6
4 43 46.1
4 44 83.9
4 45 49.7
4 46 86.2
4 47 97.1
4 48 85.5
4 49 52.4
4 50 48.4
5 6 59.9
5 7 76.4
5 8 63.3
5 9 88.3
5 10 79.3
5 11 48.7
5 12 105.4
5 13 96.8
5 14 83.7
5 15 88.5
5 16 92.2
5 17 99.4
5 18 88.3
5 19 86.0
5 20 59.0
5 21 98.9
5 22 73.5
5 23 67.1
5 24 70.3
5 25 57.8
5 26 55.9
5 27 99.1
5 28 66.8
5 29 40.7
5 30 78.4
5 31 87.5
5 32 82.2
5 33 67.6
5 34 88.1
5 35 47.7
5 36 79.1
5 37 83.0
5 38 59.3
5 39 53.6
5 40 90.1
5 41 83.3
5 42 37.7
5 43 74.0
5 44 48.7
5 45 93.8
5 46 33.6
5 47 80.6
5 48 47.0
5 49 68.8
5 50 70.4
6 7 75.1
6 8 64.8
6 9 91.6
6 10 105.3
6 11 100.2
6 12 102.1
6 13 79.4
6 14 113.5
6 15 95.0
6 16 84.0
6 17 76.7
6 18 102.5
6 19 73.1
6 20 55.9
6 21 117.4
6 22 57.4
6 23 70.8
6 24 65.7
6 25 107.3
6 26 63.5
6 27 82.7
6 28 17.0
6 29 66.4
6 30 103.0
6 31 107.9
6 32 75.9
6 33 103.8
6 34 118.2
6 35 24.1
6 36 93.6
6 37 96.5
6 38 98.6
6 39 81.3
6 40 75.5
6 41 91.5
6 42 91.6
6 43 77.4
6 44 61.9
6 45 105.6
6 46 60.0
6 47 49.9
6 48 95.5
6 49 67.0
6 50 76.1
7 8 101.7
7 9 95.0
7 10 120.9
7 11 78.0
7 12 84.0
7 13 57.2
7 14 111.5
7 15 120.7
7 16 112.3
7 17 47.9
7 18 72.8
7 19 49.3
7 20 89.0
7 21 91.7
7 22 99.8
7 23 74.4
7 24 38.8
7 25 82.4
7 26 84.4
7 27 44.1
7 28 82.4
7 29 54.3
7 30 73.5
7 31 97.1
7 32 92.3
7 33 79.8
7 34 76.3
7 35 57.9
7 36 59.5
7 37 104.8
7 38 68.7
7 39 83.2
7 40 95.6
7 41 91.8
7 42 83.5
7 43 90.4
7 44 100.9
7 45 105.3
7 46 93.9
7 47 44.2
7 48 121.3
7 49 54.1
7 50 79.8
8 9 79.9
8 10 91.2
8 11 89.1
8 12 139.7
8 13 83.5
8 14 91.6
8 15 56.1
8 16 102.7
8 17 94.7
8 18 78.4
8 19 114.7
8 20 89.7
8 21 97.8
8 22 21.3
8 23 84.7
8 24 108.5
8 25 111.5
8 26 100.8
8 27 98.1
8 28 77.0
8 29 57.4
8 30 77.7
8 31 94.4
8 32 98.6
8 33 112.1
8 34 98.3
8 35 69.4
8 36 76.3
8 37 94.9
8 38 104.5
8 39 43.5
8 40 77.1
8 41 122.0
8 42 84.7
8 43 62.7
8 44 19.3
8 45 86.6
8 46 82.6
8 47 83.5
8 48 86.9
8 49 107.2
8 50 58.8
9 10 55.4
9 11 89.3
9 12 93.0
9 13 99.0
9 14 45.6
9 15 45.8
9 16 60.8
9 17 103.4
9 18 96.2
9 19 84.6
9 20 77.6
9 21 45.6
9 22 74.1
9 23 39.6
9 24 94.6
9 25 125.7
9 26 91.6
9 27 79.3
9 28 93.7
9 29 73.8
9 30 97.0
9 31 30.6
9 32 53.0
9 33 78.4
9 34 81.4
9 35 79.4
9 36 78.9
9 37 37.1
9 38 80.4
9 39 64.7
9 40 28.8
9 41 82.6
9 42 111.7
9 43 18.2
9 44 80.2
9 45 17.3
9 46 112.4
9 47 99.7
9 48 110.1
9 49 83.7
9 50 25.5
10 11 82.1
10 12 103.2
10 13 137.7
10 14 32.4
10 15 58.3
10 16 58.8
10 17 141.9
10 18 124.7
10 19 106.6
10 20 69.8
10 21 78.3
10 22 94.7
10 23 55.6
10 24 109.0
10 25 116.1
10 26 80.3
10 27 123.0
10 28 104.1
10 29 88.4
10 30 117.8
10 31 47.6
10 32 60.8
10 33 68.1
10 34 102.0
10 35 92.3
10 36 109.2
10 37 30.2
10 38 75.8
10 39 76.4
10 40 67.6
10 41 74.6
10 42 102.0
10 43 52.4
10 44 80.4
10 45 50.0
10 46 97.0
10 47 130.0
10 48 75.3
10 49 93.7
10 50 62.6
11 12 110.3
11 13 104.4
11 14 70.1
11 15 98.7
11 16 112.3
11 17 108.9
11 18 76.4
11 19 96.6
11 20 90.2
11 21 77.0
11 22 101.1
11 23 76.7
11 24 83.6
11 25 42.8
11 26 84.4
11 27 100.9
11 28 107.6
11 29 44.6
11 30 61.6
11 31 74.1
11 32 98.5
11 33 49.0
11 34 53.9
11 35 81.8
11 36 65.7
11 37 86.0
11 38 35.0
11 39 53.0
11 40 104.6
11 41 93.3
11 42 36.1
11 43 82.1
11 44 79.1
11 45 88.1
11 46 77.7
11 47 101.5
11 48 69.6
11 49 82.8
11 50 74.2
12 13 127.7
12 14 106.5
12 15 130.7
12 16 72.8
12 17 117.8
12 18 141.5
12 19 39.5
12 20 68.8
12 21 107.8
12 22 133.8
12 23 60.5
12 24 55.6
12 25 122.0
12 26 65.3
12 27 95.3
12 28 94.5
12 29 106.6
12 30 139.4
12 31 91.5
12 32 56.0
12 33 69.8
12 34 121.5
12 35 82.4
12 36 121.7
12 37 79.2
12 38 78.2
12 39 123.9
12 40 89.7
12 41 36.7
12 42 126.5
12 43 96.5
12 44 132.8
12 45 102.0
12 46 111.8
12 47 105.8
12 48 129.9
12 49 41.3
12 50 98.7
13 14 125.5
13 15 111.1
13 16 131.4
13 17 19.0
13 18 51.3
13 19 90.8
13 20 116.1
13 21 97.4
13 22 77.6
13 23 97.8
13 24 87.4
13 25 117.1
13 26 120.4
13 27 40.5
13 28 92.9
13 29 63.6
13 30 64.2
13 31 112.0
13 32 115.8
13 33 120.6
13 34 85.5
13 35 76.7
13 36 50.2
13 37 124.1
13 38 108.8
13 39 78.8
13 40 96.4
13 41 132.2
13 42 105.7
13 43 92.0
13 44 93.5
13 45 110.2
13 46 117.5
13 47 39.0
13 48 141.9
13 49 98.3
13 50 79.0
14 15 57.4
14 16 78.1
14 17 131.5
14 18 105.2
14 19 106.1
14 20 87.2
14 21 49.9
14 22 96.1
14 23 57.9
14 24 109.1
14 25 110.6
14 26 95.2
14 27 110.1
14 28 115.9
14 29 78.6
14 30 98.6
14 31 24.9
14 32 72.7
14 33 62.3
14 34 75.8
14 35 97.9
14 36 89.4
14 37 38.4
14 38 66.4
14 39 64.0
14 40 69.5
14 41 85.9
14 42 98.1
14 43 47.8
14 44 84.9
14 45 33.5
14 46 109.7
14 47 126.0
14 48 89.7
14 49 96.9
14 50 51.6
15 16 79.6
15 17 120.8
15 18 101.4
15 19 118.4
15 20 91.2
15 21 73.5
15 22 54.9
15 23 70.9
15 24 122.0
15 25 134.7
15 26 107.5
15 27 107.4
15 28 99.8
15 29 81.2
15 30 101.0
15 31 62.1
15 32 80.9
15 33 104.5
15 34 98.8
15 35 91.5
15 36 91.5
15 37 62.3
15 38 103.9
15 39 58.0
15 40 52.1
15 41 111.5
15 42 112.3
15 43 36.2
15 44 58.1
15 45 45.8
15 46 110.9
15 47 114.1
15 48 99.8
15 49 112.7
15 50 43.2
16 17 129.2
16 18 140.7
16 19 78.7
16 20 43.9
16 21 100.6
16 22 95.0
16 23 43.2
16 24 89.7
16 25 136.6
16 26 62.2
16 27 109.9
16 28 74.9
16 29 101.4
16 30 138.9
16 31 72.8
16 32 21.6
16 33 85.3
16 34 127.9
16 35 74.4
16 36 123.1
16 37 41.1
16 38 94.2
16 39 102.1
16 40 47.9
16 41 52.3
16 42 125.6
16 43 59.3
16 44 95.3
16 45 70.0
16 46 98.3
16 47 112.9
16 48 103.2
16 49 71.6
16 50 72.0
17 18 65.9
17 19 79.6
17 20 112.4
17 21 104.1
17 22 87.3
17 23 96.4
17 24 76.8
17 25 117.8
17 26 115.2
17 27 34.4
17 28 88.3
17 29 69.9
17 30 76.6
17 31 116.2
17 32 112.5
17 33 119.3
17 34 93.4
17 35 72.8
17 36 61.2
17 37 125.7
17 38 108.3
17 39 90.0
17 40 98.3
17 41 126.1
17 42 109.9
17 43 97.4
17 44 102.6
17 45 116.0
17 46 116.9
17 47 29.3
17 48 145.8
17 49 89.6
17 50 85.6
18 19 111.6
18 20 125.8
18 21 77.5
18 22 84.1
18 23 101.9
18 24 104.2
18 25 96.4
18 26 128.0
18 27 69.4
18 28 116.9
18 29 49.5
18 30 17.8
18 31 97.9
18 32 125.7
18 33 107.7
18 34 49.1
18 35 94.0
18 36 21.0
18 37 119.4
18 38 93.3
18 39 53.7
18 40 106.8
18 41 138.1
18 42 83.1
18 43 89.4
18 44 85.7
18 45 99.8
18 46 117.8
18 47 77.4
18 48 126.0
18 49 111.8
18 50 73.9
19 20 63.0
19 21 97.9
19 22 107.8
19 23 53.1
19 24 25.5
19 25 106.1
19 26 60.8
19 27 62.3
19 28 69.8
19 29 79.8
19 30 111.8
19 31 89.7
19 32 58.6
19 33 72.6
19 34 103.5
19 35 53.9
19 36 93.7
19 37 83.7
19 38 72.4
19 39 102.1
19 40 78.1
19 41 55.3
19 42 107.2
19 43 83.6
19 44 110.7
19 45 97.2
19 46 95.2
19 47 66.9
19 48 122.3
19 49 23.1
19 50 81.1
20 21 107.7
20 22 86.6
20 23 43.8
20 24 61.5
20 25 103.2
20 26 21.9
20 27 101.9
20 28 46.7
20 29 79.2
20 30 121.4
20 31 84.6
20 32 37.9
20 33 71.2
20 34 118.6
20 35 43.3
20 36 110.2
20 37 60.4
20 38 75.4
20 39 89.6
20 40 67.0
20 41 43.2
20 42 93.6
20 43 68.4
20 44 78.1
20 45 87.9
20 46 57.6
20 47 90.0
20 48 76.4
20 49 46.5
20 50 74.5
21 22 98.2
21 23 66.6
21 24 104.1
21 25 116.3
21 26 114.5
21 27 78.5
21 28 123.4
21 29 72.3
21 30 77.1
21 31 33.5
21 32 87.6
21 33 75.3
21 34 46.7
21 35 101.1
21 36 60.5
21 37 66.7
21 38 72.5
21 39 64.0
21 40 71.7
21 41 103.1
21 42 107.2
21 43 54.2
21 44 99.1
21 45 39.5
21 46 129.7
21 47 109.6
21 48 123.4
21 49 98.4
21 50 46.3
22 23 80.3
22 24 105.4
22 25 123.9
22 26 100.5
22 27 89.5
22 28 68.6
22 29 64.7
22 30 87.1
22 31 94.7
22 32 91.4
22 33 116.8
22 34 105.1
22 35 65.1
22 36 79.9
22 37 92.9
22 38 110.7
22 39 55.3
22 40 65.1
22 41 119.4
22 42 99.3
22 43 57.9
22 44 35.1
22 45 84.0
22 46 90.2
22 47 76.1
22 48 100.6
22 49 103.7
22 50 55.5
23 24 60.9
23 25 103.8
23 26 54.4
23 27 75.1
23 28 69.0
23 29 64.3
23 30 99.7
23 31 45.7
23 32 25.2
23 33 54.4
23 34 86.8
23 35 52.5
23 36 83.0
23 37 33.1
23 38 58.3
23 39 70.4
23 40 40.0
23 41 46.4
23 42 94.6
23 43 37.4
23 44 78.8
23 45 50.3
23 46 85.0
23 47 84.4
23 48 92.7
23 49 46.4
23 50 41.7
24 25 85.0
24 26 52.9
24 27 68.5
24 28 65.0
24 29 68.6
24 30 101.8
24 31 96.7
24 32 70.5
24 33 68.2
24 34 99.3
24 35 45.0
24 36 88.5
24 37 91.9
24 38 63.9
24 39 95.5
24 40 90.1
24 41 61.0
24 42 87.8
24 43 89.6
24 44 102.6
24 45 106.0
24 46 77.4
24 47 59.9
24 48 108.7
24 49 20.5
24 50 85.2
25 26 89.8
25 27 118.7
25 28 114.4
25 29 66.3
25 30 81.5
25 31 113.3
25 32 122.1
25 33 71.6
25 34 85.9
25 35 90.9
25 36 90.3
25 37 119.2
25 38 57.9
25 39 85.5
25 40 135.2
25 41 107.5
25 42 29.5
25 43 116.7
25 44 100.1
25 45 127.5
25 46 72.2
25 47 106.7
25 48 77.7
25 49 90.4
25 50 108.9
26 27 106.4
26 28 55.7
26 29 80.0
26 30 121.7
26 31 93.0
26 32 52.9
26 33 64.0
26 34 118.6
26 35 47.5
26 36 112.6
26 37 72.6
26 38 67.7
26 39 95.6
26 40 84.9
26 41 39.9
26 42 85.4
26 43 83.1
26 44 87.7
26 45 100.6
26 46 50.1
26 47 92.1
26 48 73.4
26 49 39.6
26 50 86.5
27 28 90.5
27 29 67.9
27 30 78.9
27 31 90.8
27 32 91.7
27 33 100.5
27 34 79.1
27 35 71.7
27 36 55.7
27 37 102.5
27 38 92.6
27 39 84.6
27 40 77.8
27 41 106.7
27 42 112.6
27 43 78.5
27 44 104.3
27 45 91.6
27 46 120.4
27 47 47.7
27 48 142.9
27 49 75.9
27 50 67.6
28 29 78.1
28 30 116.9
28 31 110.1
28 32 68.6
28 33 104.1
28 34 128.0
28 35 28.4
28 36 106.1
28 37 93.9
28 38 101.5
28 39 92.5
28 40 75.0
28 41 83.3
28 42 100.7
28 43 80.8
28 44 72.2
28 45 108.1
28 46 61.6
28 47 61.2
28 48 97.6
28 49 63.0
28 50 82.2
29 30 42.6
29 31 74.7
29 32 86.9
29 33 70.5
29 34 55.5
29 35 52.7
29 36 38.5
29 37 84.5
29 38 57.5
29 39 31.7
29 40 80.7
29 41 95.3
29 42 49.2
29 43 62.4
29 44 54.4
29 45 79.8
29 46 71.4
29 47 62.0
29 48 82.4
29 49 72.1
29 50 50.7
30 31 94.5
30 32 124.0
30 33 98.1
30 34 42.4
30 35 92.6
30 36 25.4
30 37 115.5
30 38 82.9
30 39 47.2
30 40 109.6
30 41 132.9
30 42 68.1
30 43 89.4
30 44 81.3
30 45 99.0
30 46 108.9
30 47 83.3
30 48 113.4
30 49 108.7
30 50 74.5
31 32 62.8
31 33 59.2
31 34 68.3
31 35 90.8
31 36 79.6
31 37 34.7
31 38 62.9
31 39 66.2
31 40 57.1
31 41 78.6
31 42 103.5
31 43 39.8
31 44 90.8
31 45 21.7
31 46 114.2
31 47 113.4
31 48 104.2
31 49 85.2
31 50 41.5
32 33 69.9
32 34 111.8
32 35 61.6
32 36 107.1
32 37 37.1
32 38 77.7
32 39 92.2
32 40 43.3
32 41 39.6
32 42 113.5
32 43 52.3
32 44 91.9
32 45 64.0
32 46 91.9
32 47 97.5
32 48 101.2
32 49 52.5
32 50 61.5
33 34 75.6
33 35 80.8
33 36 89.8
33 37 61.3
33 38 17.4
33 39 81.4
33 40 92.0
33 41 53.0
33 42 75.2
33 43 77.8
33 44 101.2
33 45 78.2
33 46 87.2
33 47 109.6
33 48 83.7
33 49 58.1
33 50 76.1
34 35 101.1
34 36 36.9
34 37 96.6
34 38 63.4
34 39 57.0
34 40 102.1
34 41 117.1
34 42 80.5
34 43 81.0
34 44 98.6
34 45 78.9
34 46 120.6
34 47 101.0
34 48 117.6
34 49 101.3
34 50 67.8
35 36 81.5
35 37 81.2
35 38 75.8
35 39 72.0
35 40 68.3
35 41 72.0
35 42 78.7
35 43 67.1
35 44 63.8
35 45 92.5
35 46 54.6
35 47 48.1
35 48 87.3
35 49 45.0
35 50 64.7
36 37 101.1
36 38 76.5
36 39 46.3
36 40 90.7
36 41 119.1
36 42 78.8
36 43 73.7
36 44 81.4
36 45 83.1
36 46 109.6
36 47 70.4
36 48 117.9
36 49 94.3
36 50 58.0
37 38 70.2
37 39 79.2
37 40 47.5
37 41 57.6
37 42 108.5
37 43 40.4
37 44 87.6
37 45 37.7
37 46 101.2
37 47 115.3
37 48 93.2
37 49 75.4
37 50 51.3
38 39 71.6
38 40 94.2
38 41 64.6
38 42 61.8
38 43 77.8
38 44 94.6
38 45 81.0
38 46 82.4
38 47 99.8
38 48 81.9
38 49 58.7
38 50 72.8
39 40 76.4
39 41 107.9
39 42 62.9
39 43 52.2
39 44 42.7
39 45 66.3
39 46 85.3
39 47 85.2
39 48 81.0
39 49 94.2
39 50 41.8
40 41 80.7
40 42 120.0
40 43 27.5
40 44 78.5
40 45 44.8
40 46 107.7
40 47 90.1
40 48 114.3
40 49 79.0
40 50 37.5
41 42 107.9
41 43 82.2
41 44 111.2
41 45 89.4
41 46 87.7
41 47 109.5
41 48 98.1
41 49 41.1
41 50 87.4
42 43 99.8
42 44 72.9
42 45 113.7
42 46 58.5
42 47 97.3
42 48 60.1
42 49 91.3
42 50 92.2
43 44 62.3
43 45 29.2
43 46 97.8
43 47 90.4
43 48 96.9
43 49 79.9
43 50 15.7
44 45 85.9
44 46 66.8
44 47 87.7
44 48 67.8
44 49 99.7
44 50 60.4
45 46 119.6
45 47 113.6
45 48 110.5
45 49 94.6
45 50 34.8
46 47 92.2
46 48 48.6
46 49 75.7
46 50 97.3
47 48 126.5
47 49 72.4
47 50 81.4
48 49 101.6
48 50 98.7
49 50 78.6
1 260.0 0.22 332.0
2 774.0 0.8 956.0
3 570.0 0.39 342.0
4 679.0 2.17 876.0
5 417.0 3.79 390.0
6 892.0 3.41 943.0
7 618.0 5.99 350.0
8 280.0 1.68 151.0
9 33.0 0.27 38.0
10 812.0 3.39 740.0
11 149.0 1.05 288.0
12 520.0 3.2 344.0
13 854.0 2.61 442.0
14 810.0 5.02 691.0
15 1565.0 6.47 872.0
16 255.0 1.3 210.0
17 722.0 4.55 914.0
18 669.0 2.97 680.0
19 1000.0 7.37 854.0
20 849.0 7.79 696.0
21 884.0 0.17 618.0
22 294.0 0.08 558.0
23 121.0 0.17 151.0
24 529.0 4.56 380.0
25 1205.0 6.69 950.0
26 1022.0 3.08 934.0
27 517.0 4.82 261.0
28 570.0 0.94 508.0
29 363.0 1.42 317.0
30 685.0 2.78 756.0
31 309.0 2.97 433.0
32 1122.0 6.52 648.0
33 1219.0 5.89 711.0
34 156.0 0.8 127.0
35 444.0 1.88 875.0
36 54.0 0.21 100.0
37 84.0 0.59 69.0
38 995.0 2.41 577.0
39 672.0 4.09 602.0
40 75.0 0.32 106.0
41 356.0 1.52 316.0
42 1728.0 4.74 889.0
43 1288.0 10.6 802.0
44 81.0 0.55 109.0
45 1421.0 9.08 932.0
46 502.0 3.85 673.0
47 553.0 2.73 319.0
48 1513.0 7.25 845.0
49 1226.0 1.12 704.0
50 286.0 2.65 524.0
6600 9699 8070
