50
1 2 129.9
1 3 128.9
1 4 129.5
1 5 67.3
1 6 121.0
1 7 79.6
1 8 125.5
1 9 128.4
1 10 158.5
1 11 111.8
1 12 91.0
1 13 151.3
1 14 116.2
1 15 159.2
1 16 146.9
1 17 159.7
1 18 163.9
1 19 112.6
1 20 105.1
1 21 101.1
1 22 118.3
1 23 126.2
1 24 132.8
1 25 111.1
1 26 114.8
1 27 107.8
1 28 118.5
1 29 188.5
1 30 144.6
1 31 169.1
1 32 102.2
1 33 139.2
1 34 120.4
1 35 132.1
1 36 138.8
1 37 109.5
1 38 139.3
1 39 120.7
1 40 122.7
1 41 147.8
1 42 146.4
1 43 119.3
1 44 167.6
1 45 78.6
1 46 145.6
1 47 119.2
1 48 125.2
1 49 159.4
1 50 76.5
2 3 127.9
2 4 124.3
2 5 138.7
2 6 109.6
2 7 96.1
2 8 104.6
2 9 128.3
2 10 134.8
2 11 138.1
2 12 90.3
2 13 91.0
2 14 105.8
2 15 146.0
2 16 111.6
2 17 119.5
2 18 111.3
2 19 138.4
2 20 118.9
2 21 142.1
2 22 124.4
2 23 137.8
2 24 135.3
2 25 121.3
2 26 133.7
2 27 106.4
2 28 112.3
2 29 139.4
2 30 119.4
2 31 135.9
2 32 112.2
2 33 104.9
2 34 103.4
2 35 100.3
2 36 98.3
2 37 115.7
2 38 102.6
2 39 84.4
2 40 115.6
2 41 125.5
2 42 144.6
2 43 119.0
2 44 106.8
2 45 102.6
2 46 120.4
2 47 121.3
2 48 159.8
2 49 84.7
2 50 88.8
3 4 130.0
3 5 125.2
3 6 109.0
3 7 113.9
3 8 114.9
3 9 85.6
3 10 112.0
3 11 90.8
3 12 115.6
3 13 139.0
3 14 113.6
3 15 127.6
3 16 119.8
3 17 79.6
3 18 148.0
3 19 145.3
3 20 139.8
3 21 109.3
3 22 120.3
3 23 126.8
3 24 133.9
3 25 33.5
3 26 117.5
3 27 103.5
3 28 128.4
3 29 144.7
3 30 66.2
3 31 109.4
3 32 73.7
3 33 85.4
3 34 125.0
3 35 116.4
3 36 141.0
3 37 94.7
3 38 91.0
3 39 90.0
3 40 95.1
3 41 90.6
3 42 154.4
3 43 129.0
3 44 127.6
3 45 138.7
3 46 56.2
3 47 94.4
3 48 136.3
3 49 102.5
3 50 86.9
4 5 131.7
4 6 93.5
4 7 66.4
4 8 123.5
4 9 156.1
4 10 82.7
4 11 124.5
4 12 99.3
4 13 93.5
4 14 142.2
4 15 115.1
4 16 46.7
4 17 116.3
4 18 107.8
4 19 131.6
4 20 102.7
4 21 134.7
4 22 135.5
4 23 97.9
4 24 113.7
4 25 124.8
4 26 54.5
4 27 91.4
4 28 91.2
4 29 137.5
4 30 93.6
4 31 108.9
4 32 80.7
4 33 99.1
4 34 115.7
4 35 110.1
4 36 124.7
4 37 131.1
4 38 133.2
4 39 128.1
4 40 142.9
4 41 119.4
4 42 129.8
4 43 114.2
4 44 128.4
4 45 87.8
4 46 130.2
4 47 84.9
4 48 71.9
4 49 142.2
4 50 113.4
5 6 99.7
5 7 86.6
5 8 106.0
5 9 95.0
5 10 161.9
5 11 70.9
5 12 86.1
5 13 135.9
5 14 121.8
5 15 127.5
5 16 152.5
5 17 149.6
5 18 136.4
5 19 83.4
5 20 72.9
5 21 85.3
5 22 116.1
5 23 86.3
5 24 128.1
5 25 97.1
5 26 96.2
5 27 109.4
5 28 123.2
5 29 147.9
5 30 141.4
5 31 134.0
5 32 100.4
5 33 135.2
5 34 122.3
5 35 140.4
5 36 124.7
5 37 106.3
5 38 121.2
5 39 128.8
5 40 86.8
5 41 117.0
5 42 101.0
5 43 104.7
5 44 158.8
5 45 88.0
5 46 124.8
5 47 122.7
5 48 111.9
5 49 155.5
5 50 91.8
6 7 87.3
6 8 121.7
6 9 98.1
6 10 131.2
6 11 93.6
6 12 90.6
6 13 78.9
6 14 127.3
6 15 84.8
6 16 98.3
6 17 97.7
6 18 75.9
6 19 113.0
6 20 75.0
6 21 120.0
6 22 145.9
6 23 87.9
6 24 118.3
6 25 89.4
6 26 85.0
6 27 74.4
6 28 114.7
6 29 98.1
6 30 103.3
6 31 80.3
6 32 67.6
6 33 86.3
6 34 122.1
6 35 102.2
6 36 128.7
6 37 99.3
6 38 119.2
6 39 110.0
6 40 96.7
6 41 80.6
6 42 79.9
6 43 84.2
6 44 134.5
6 45 107.6
6 46 111.1
6 47 78.8
6 48 99.3
6 49 109.6
6 50 79.6
7 8 79.6
7 9 130.1
7 10 109.8
7 11 100.8
7 12 44.9
7 13 100.9
7 14 117.0
7 15 116.6
7 16 88.6
7 17 128.7
7 18 118.2
7 19 112.6
7 20 64.9
7 21 117.2
7 22 114.4
7 23 83.5
7 24 122.6
7 25 101.1
7 26 68.9
7 27 92.5
7 28 90.3
7 29 138.5
7 30 100.4
7 31 121.8
7 32 68.3
7 33 98.1
7 34 86.3
7 35 97.1
7 36 105.3
7 37 109.9
7 38 110.4
7 39 109.3
7 40 113.2
7 41 121.0
7 42 122.1
7 43 101.2
7 44 131.0
7 45 35.7
7 46 114.8
7 47 98.2
7 48 86.9
7 49 136.7
7 50 83.4
8 9 121.8
8 10 134.5
8 11 96.8
8 12 68.7
8 13 126.0
8 14 123.1
8 15 130.8
8 16 131.8
8 17 143.3
8 18 136.6
8 19 130.4
8 20 90.2
8 21 134.4
8 22 112.6
8 23 96.6
8 24 154.1
8 25 103.8
8 26 110.6
8 27 137.6
8 28 132.4
8 29 125.3
8 30 115.9
8 31 121.5
8 32 101.4
8 33 116.5
8 34 104.1
8 35 132.0
8 36 100.8
8 37 134.4
8 38 76.7
8 39 127.7
8 40 101.9
8 41 127.3
8 42 137.9
8 43 137.2
8 44 133.8
8 45 88.2
8 46 92.9
8 47 141.7
8 48 138.9
8 49 139.8
8 50 120.4
9 10 151.0
9 11 73.3
9 12 120.1
9 13 130.4
9 14 103.5
9 15 126.7
9 16 151.5
9 17 97.7
9 18 120.4
9 19 101.8
9 20 123.3
9 21 83.5
9 22 113.7
9 23 112.3
9 24 119.2
9 25 60.0
9 26 123.2
9 27 106.8
9 28 133.1
9 29 118.4
9 30 118.0
9 31 99.6
9 32 106.2
9 33 119.8
9 34 138.8
9 35 136.5
9 36 130.6
9 37 81.5
9 38 91.9
9 39 100.3
9 40 41.3
9 41 66.1
9 42 105.9
9 43 107.4
9 44 124.6
9 45 142.2
9 46 76.2
9 47 111.1
9 48 147.7
9 49 100.5
9 50 91.2
10 11 143.6
10 12 125.2
10 13 128.3
10 14 127.3
10 15 151.5
10 16 58.4
10 17 95.7
10 18 127.7
10 19 140.5
10 20 149.0
10 21 137.9
10 22 119.6
10 23 118.9
10 24 107.4
10 25 116.4
10 26 87.8
10 27 122.4
10 28 93.0
10 29 139.4
10 30 74.5
10 31 107.3
10 32 107.7
10 33 123.5
10 34 134.8
10 35 114.9
10 36 146.3
10 37 116.8
10 38 126.5
10 39 124.1
10 40 135.9
10 41 113.6
10 42 153.7
10 43 125.3
10 44 92.8
10 45 123.8
10 46 100.5
10 47 91.2
10 48 108.4
10 49 135.7
10 50 135.0
11 12 109.2
11 13 124.1
11 14 118.5
11 15 105.4
11 16 137.2
11 17 114.7
11 18 127.5
11 19 101.5
11 20 100.5
11 21 72.0
11 22 103.7
11 23 94.4
11 24 119.1
11 25 70.9
11 26 90.4
11 27 96.0
11 28 132.8
11 29 129.1
11 30 113.8
11 31 98.4
11 32 78.7
11 33 101.5
11 34 128.8
11 35 149.4
11 36 109.6
11 37 118.2
11 38 79.2
11 39 118.8
11 40 81.6
11 41 84.1
11 42 110.1
11 43 126.1
11 44 144.4
11 45 120.4
11 46 90.2
11 47 107.2
11 48 122.0
11 49 123.0
11 50 92.6
12 13 104.3
12 14 123.5
12 15 115.0
12 16 112.3
12 17 133.0
12 18 116.5
12 19 118.4
12 20 54.8
12 21 131.5
12 22 128.2
12 23 75.8
12 24 142.6
12 25 98.5
12 26 92.5
12 27 111.5
12 28 95.8
12 29 124.6
12 30 104.6
12 31 122.4
12 32 89.7
12 33 108.8
12 34 75.6
12 35 82.3
12 36 110.0
12 37 97.7
12 38 115.0
12 39 106.5
12 40 95.3
12 41 119.8
12 42 117.0
12 43 88.1
12 44 126.1
12 45 47.0
12 46 106.4
12 47 120.1
12 48 101.2
12 49 139.8
12 50 92.8
13 14 151.2
13 15 81.6
13 16 96.3
13 17 96.1
13 18 57.4
13 19 135.2
13 20 101.3
13 21 138.9
13 22 149.3
13 23 104.6
13 24 129.8
13 25 128.9
13 26 100.4
13 27 78.7
13 28 92.7
13 29 105.8
13 30 104.6
13 31 96.0
13 32 112.5
13 33 82.9
13 34 95.6
13 35 97.6
13 36 83.9
13 37 122.1
13 38 126.2
13 39 96.6
13 40 116.3
13 41 90.4
13 42 110.1
13 43 93.5
13 44 100.1
13 45 115.8
13 46 125.6
13 47 115.0
13 48 117.1
13 49 100.5
13 50 106.2
14 15 185.5
14 16 126.5
14 17 129.1
14 18 140.2
14 19 90.6
14 20 141.9
14 21 95.0
14 22 67.7
14 23 142.3
14 24 83.8
14 25 100.8
14 26 125.1
14 27 124.1
14 28 134.7
14 29 154.2
14 30 138.9
14 31 135.2
14 32 105.6
14 33 147.6
14 34 161.5
14 35 151.8
14 36 145.2
14 37 106.3
14 38 86.7
14 39 121.8
14 40 104.7
14 41 123.6
14 42 136.3
14 43 137.2
14 44 128.4
14 45 119.8
14 46 110.2
14 47 93.2
14 48 164.3
14 49 109.4
14 50 98.3
15 16 132.2
15 17 109.3
15 18 104.6
15 19 158.9
15 20 101.1
15 21 147.6
15 22 177.0
15 23 93.9
15 24 166.4
15 25 117.4
15 26 106.6
15 27 100.2
15 28 124.1
15 29 113.4
15 30 100.9
15 31 96.2
15 32 112.6
15 33 80.2
15 34 102.6
15 35 115.3
15 36 115.3
15 37 134.8
15 38 142.6
15 39 121.2
15 40 118.5
15 41 91.6
15 42 121.5
15 43 109.8
15 44 142.1
15 45 139.4
15 46 121.5
15 47 136.8
15 48 104.4
15 49 139.3
15 50 123.5
16 17 95.5
16 18 102.7
16 19 137.3
16 20 126.2
16 21 140.1
16 22 131.7
16 23 116.5
16 24 103.9
16 25 119.9
16 26 78.0
16 27 96.2
16 28 95.6
16 29 130.7
16 30 82.8
16 31 100.8
16 32 84.3
16 33 99.5
16 34 128.9
16 35 105.2
16 36 135.1
16 37 123.2
16 38 125.2
16 39 119.3
16 40 140.8
16 41 112.6
16 42 137.3
16 43 118.0
16 44 109.4
16 45 108.5
16 46 118.2
16 47 70.4
16 48 101.2
16 49 119.8
16 50 114.1
17 18 101.4
17 19 141.2
17 20 147.2
17 21 116.2
17 22 131.8
17 23 124.7
17 24 111.4
17 25 83.4
17 26 109.8
17 27 80.5
17 28 102.1
17 29 119.1
17 30 60.5
17 31 80.4
17 32 100.3
17 33 79.5
17 34 124.2
17 35 104.0
17 36 125.5
17 37 92.0
17 38 110.3
17 39 76.1
17 40 100.0
17 41 53.3
17 42 135.4
17 43 106.4
17 44 83.4
17 45 150.8
17 46 77.4
17 47 84.3
17 48 128.9
17 49 72.3
17 50 100.2
18 19 110.4
18 20 102.6
18 21 137.2
18 22 147.4
18 23 93.3
18 24 112.2
18 25 130.7
18 26 97.1
18 27 102.7
18 28 106.3
18 29 69.6
18 30 121.8
18 31 71.3
18 32 121.7
18 33 119.6
18 34 133.0
18 35 117.3
18 36 117.5
18 37 115.6
18 38 129.6
18 39 123.3
18 40 104.5
18 41 79.3
18 42 70.2
18 43 85.9
18 44 99.5
18 45 126.1
18 46 123.4
18 47 109.3
18 48 119.0
18 49 112.4
18 50 124.7
19 20 107.3
19 21 75.8
19 22 87.1
19 23 96.4
19 24 71.5
19 25 118.9
19 26 90.5
19 27 119.4
19 28 116.3
19 29 131.1
19 30 152.4
19 31 118.0
19 32 121.4
19 33 160.9
19 34 155.8
19 35 156.9
19 36 134.3
19 37 105.1
19 38 118.4
19 39 141.0
19 40 89.8
19 41 107.1
19 42 76.1
19 43 104.8
19 44 130.9
19 45 106.1
19 46 127.8
19 47 106.5
19 48 125.0
19 49 145.6
19 50 117.1
20 21 133.2
20 22 145.1
20 23 60.3
20 24 143.9
20 25 115.8
20 26 85.2
20 27 115.0
20 28 116.9
20 29 111.4
20 30 130.4
20 31 113.6
20 32 97.1
20 33 121.8
20 34 106.7
20 35 115.0
20 36 119.4
20 37 119.2
20 38 129.0
20 39 135.6
20 40 102.9
20 41 119.1
20 42 84.5
20 43 92.5
20 44 149.4
20 45 67.1
20 46 128.4
20 47 126.0
20 48 93.9
20 49 155.4
20 50 108.8
21 22 70.1
21 23 120.1
21 24 76.8
21 25 92.0
21 26 98.6
21 27 90.0
21 28 114.6
21 29 160.2
21 30 130.1
21 31 126.4
21 32 106.1
21 33 131.5
21 34 142.5
21 35 156.3
21 36 118.5
21 37 102.6
21 38 101.5
21 39 110.7
21 40 91.0
21 41 94.0
21 42 122.5
21 43 121.6
21 44 130.9
21 45 126.3
21 46 111.5
21 47 96.9
21 48 132.1
21 49 122.5
21 50 89.9
22 23 132.4
22 24 81.5
22 25 110.8
22 26 110.1
22 27 122.8
22 28 119.5
22 29 163.5
22 30 134.5
22 31 137.5
22 32 117.9
22 33 146.4
22 34 146.4
22 35 162.5
22 36 114.7
22 37 121.2
22 38 79.1
22 39 121.9
22 40 107.4
22 41 121.0
22 42 145.4
22 43 143.8
22 44 116.6
22 45 116.6
22 46 108.1
22 47 112.4
22 48 153.5
22 49 125.1
22 50 113.7
23 24 127.5
23 25 104.1
23 26 60.3
23 27 117.6
23 28 97.0
23 29 89.7
23 30 107.7
23 31 83.7
23 32 104.3
23 33 125.3
23 34 108.3
23 35 112.8
23 36 120.9
23 37 103.0
23 38 124.9
23 39 132.3
23 40 84.9
23 41 91.1
23 42 75.5
23 43 78.3
23 44 121.0
23 45 87.7
23 46 101.7
23 47 118.8
23 48 68.0
23 49 155.4
23 50 124.3
24 25 120.5
24 26 90.5
24 27 98.9
24 28 107.7
24 29 147.3
24 30 133.8
24 31 115.2
24 32 113.1
24 33 145.7
24 34 163.9
24 35 154.2
24 36 139.5
24 37 110.1
24 38 118.3
24 39 128.1
24 40 117.8
24 41 101.8
24 42 113.9
24 43 119.8
24 44 114.3
24 45 128.1
24 46 127.4
24 47 69.7
24 48 130.1
24 49 120.0
24 50 111.9
25 26 102.4
25 27 95.4
25 28 119.2
25 29 127.0
25 30 76.8
25 31 96.4
25 32 66.1
25 33 91.3
25 34 119.8
25 35 111.4
25 36 133.2
25 37 76.0
25 38 85.6
25 39 89.5
25 40 68.5
25 41 75.7
25 42 126.1
25 43 107.8
25 44 123.7
25 45 122.0
25 46 52.7
25 47 86.6
25 48 122.2
25 49 103.7
25 50 75.2
26 27 89.6
26 28 84.2
26 29 117.2
26 30 95.7
26 31 86.1
26 32 78.8
26 33 110.4
26 34 117.3
26 35 119.1
26 36 117.5
26 37 108.8
26 38 116.7
26 39 125.4
26 40 108.3
26 41 91.7
26 42 94.7
26 43 94.2
26 44 118.6
26 45 83.3
26 46 108.1
26 47 79.9
26 48 53.5
26 49 141.7
26 50 108.3
27 28 87.7
27 29 146.2
27 30 94.3
27 31 112.1
27 32 79.8
27 33 70.2
27 34 105.1
27 35 105.0
27 36 101.2
27 37 98.2
27 38 118.2
27 39 72.4
27 40 110.1
27 41 83.5
27 42 123.2
27 43 95.7
27 44 118.2
27 45 114.5
27 46 118.3
27 47 72.7
27 48 108.0
27 49 90.0
27 50 54.4
28 29 144.0
28 30 92.4
28 31 124.4
28 32 120.4
28 33 116.9
28 34 79.6
28 35 78.0
28 36 103.8
28 37 81.8
28 38 140.2
28 39 83.4
28 40 109.3
28 41 102.1
28 42 129.5
28 43 67.0
28 44 76.9
28 45 92.0
28 46 117.9
28 47 107.4
28 48 87.6
28 49 131.4
28 50 104.4
29 30 127.4
29 31 54.8
29 32 132.5
29 33 138.3
29 34 153.8
29 35 138.3
29 36 146.4
29 37 131.8
29 38 126.6
29 39 152.2
29 40 100.5
29 41 89.2
29 42 81.4
29 43 114.6
29 44 120.9
29 45 147.7
29 46 106.4
29 47 137.0
29 48 137.3
29 49 137.6
29 50 154.7
30 31 93.4
30 32 84.9
30 33 68.2
30 34 95.1
30 35 81.3
30 36 123.3
30 37 97.2
30 38 111.8
30 39 82.8
30 40 108.8
30 41 84.1
30 42 149.0
30 43 108.1
30 44 95.6
30 45 125.6
30 46 68.3
30 47 95.7
30 48 104.7
30 49 108.3
30 50 103.3
31 32 98.8
31 33 107.1
31 34 143.3
31 35 129.9
31 36 132.8
31 37 115.7
31 38 104.2
31 39 129.6
31 40 92.3
31 41 54.3
31 42 86.3
31 43 108.8
31 44 107.8
31 45 140.0
31 46 81.1
31 47 98.0
31 48 113.3
31 49 113.8
31 50 128.9
32 33 75.3
32 34 123.1
32 35 115.1
32 36 130.1
32 37 109.4
32 38 92.5
32 39 108.9
32 40 109.9
32 41 99.7
32 42 124.0
32 43 119.0
32 44 141.4
32 45 99.0
32 46 94.6
32 47 62.2
32 48 104.8
32 49 111.3
32 50 69.7
33 34 94.7
33 35 101.5
33 36 102.5
33 37 124.6
33 38 106.4
33 39 80.9
33 40 121.7
33 41 95.1
33 42 150.4
33 43 125.4
33 44 126.8
33 45 129.5
33 46 101.1
33 47 103.6
33 48 126.1
33 49 89.4
33 50 82.6
34 35 74.4
34 36 83.7
34 37 112.0
34 38 136.1
34 39 79.9
34 40 115.8
34 41 123.4
34 42 155.7
34 43 99.8
34 44 112.7
34 45 95.5
34 46 119.1
34 47 145.8
34 48 116.3
34 49 137.6
34 50 105.1
35 36 133.5
35 37 82.2
35 38 151.4
35 39 80.9
35 40 116.2
35 41 115.5
35 42 145.3
35 43 73.2
35 44 105.7
35 45 107.0
35 46 115.5
35 47 120.3
35 48 109.5
35 49 129.0
35 50 101.8
36 37 139.3
36 38 102.1
36 39 96.3
36 40 115.1
36 41 114.1
36 42 144.2
36 43 129.1
36 44 107.1
36 45 114.2
36 46 124.3
36 47 145.8
36 48 145.5
36 49 114.0
36 50 113.2
37 38 129.2
37 39 78.6
37 40 66.6
37 41 83.7
37 42 114.9
37 43 57.0
37 44 97.7
37 45 114.2
37 46 90.5
37 47 95.9
37 48 114.6
37 49 117.0
37 50 84.8
38 39 112.9
38 40 93.3
38 41 100.4
38 42 137.9
38 43 148.1
38 44 119.5
38 45 127.0
38 46 74.0
38 47 113.9
38 48 160.1
38 49 91.1
38 50 105.6
39 40 95.0
39 41 91.8
39 42 151.2
39 43 97.1
39 44 89.1
39 45 124.2
39 46 96.8
39 47 109.5
39 48 139.5
39 49 76.4
39 50 66.8
40 41 64.6
40 42 92.1
40 43 83.1
40 44 101.7
40 45 118.9
40 46 67.7
40 47 116.0
40 48 129.7
40 49 110.5
40 50 97.4
41 42 92.8
41 43 87.4
41 44 89.3
41 45 138.1
41 46 70.9
41 47 91.1
41 48 114.7
41 49 90.4
41 50 101.0
42 43 89.2
42 44 139.2
42 45 123.1
42 46 131.8
42 47 117.9
42 48 114.4
42 49 148.8
42 50 131.2
43 44 101.5
43 45 101.3
43 46 116.3
43 47 108.9
43 48 88.2
43 49 134.7
43 50 101.2
44 45 135.8
44 46 95.3
44 47 124.6
44 48 140.3
44 49 103.9
44 50 131.1
45 46 132.2
45 47 118.3
45 48 97.7
45 49 155.8
45 50 102.0
46 47 108.5
46 48 132.9
46 49 103.1
46 50 110.1
47 48 107.9
47 49 103.9
47 50 80.4
48 49 173.2
48 50 127.4
49 50 90.1
1 88.0 0.81 138.0
2 314.0 0.61 348.0
3 348.0 0.78 347.0
4 133.0 1.03 162.0
5 812.0 5.89 509.0
6 441.0 3.85 390.0
7 221.0 0.73 144.0
8 390.0 2.56 371.0
9 274.0 1.65 340.0
10 830.0 1.41 425.0
11 857.0 7.77 455.0
12 857.0 6.1 939.0
13 83.0 0.33 58.0
14 757.0 2.09 389.0
15 1586.0 2.48 863.0
16 861.0 2.02 513.0
17 536.0 4.05 542.0
18 965.0 8.21 783.0
19 1021.0 6.53 812.0
20 539.0 2.77 831.0
21 7.0 0.02 4.0
22 1753.0 0.08 901.0
23 1010.0 6.19 883.0
24 791.0 7.5 417.0
25 796.0 5.59 492.0
26 431.0 0.92 407.0
27 717.0 5.78 661.0
28 284.0 2.44 224.0
29 491.0 1.92 604.0
30 871.0 2.3 749.0
31 582.0 5.63 726.0
32 560.0 1.2 742.0
33 416.0 0.93 448.0
34 45.0 0.4 72.0
35 1393.0 6.37 903.0
36 1718.0 14.21 956.0
37 698.0 0.18 462.0
38 434.0 1.84 398.0
39 314.0 1.88 327.0
40 435.0 0.88 801.0
41 202.0 1.54 175.0
42 226.0 0.36 133.0
43 131.0 0.33 91.0
44 323.0 1.69 232.0
45 551.0 2.18 521.0
46 232.0 2.23 306.0
47 105.0 0.89 97.0
48 97.0 0.53 62.0
49 566.0 2.07 440.0
50 160.0 1.48 260.0
5650 8124 4570
