50
1 2 16.1
1 3 112.6
1 4 63.3
1 5 89.9
1 6 97.6
1 7 50.2
1 8 64.5
1 9 63.2
1 10 69.6
1 11 100.3
1 12 109.5
1 13 69.2
1 14 67.3
1 15 122.0
1 16 104.0
1 17 39.3
1 18 127.2
1 19 112.1
1 20 110.6
1 21 78.1
1 22 106.5
1 23 101.4
1 24 87.7
1 25 82.9
1 26 89.4
1 27 95.2
1 28 101.7
1 29 115.5
1 30 52.9
1 31 69.5
1 32 74.2
1 33 97.0
1 34 86.3
1 35 91.5
1 36 111.3
1 37 78.3
1 38 81.5
1 39 80.9
1 40 36.7
1 41 84.6
1 42 111.6
1 43 53.8
1 44 78.0
1 45 64.2
1 46 81.7
1 47 110.6
1 48 43.4
1 49 101.8
1 50 25.5
2 3 123.8
2 4 73.4
2 5 102.0
2 6 107.6
2 7 60.6
2 8 73.2
2 9 60.4
2 10 78.4
2 11 105.8
2 12 119.9
2 13 67.4
2 14 78.5
2 15 128.6
2 16 117.8
2 17 47.9
2 18 131.6
2 19 125.3
2 20 121.2
2 21 89.6
2 22 115.4
2 23 107.2
2 24 99.0
2 25 88.8
2 26 101.2
2 27 95.0
2 28 116.1
2 29 125.1
2 30 67.1
2 31 75.4
2 32 82.0
2 33 106.8
2 34 96.1
2 35 99.2
2 36 125.6
2 37 86.0
2 38 85.9
2 39 96.3
2 40 48.6
2 41 99.6
2 42 124.5
2 43 68.5
2 44 85.4
2 45 69.8
2 46 92.5
2 47 121.3
2 48 56.7
2 49 111.7
2 50 17.6
3 4 97.6
3 5 95.0
3 6 65.2
3 7 72.5
3 8 94.5
3 9 126.8
3 10 57.8
3 11 103.7
3 12 64.1
3 13 117.2
3 14 55.1
3 15 64.6
3 16 43.8
3 17 119.2
3 18 73.2
3 19 40.5
3 20 35.8
3 21 58.1
3 22 60.8
3 23 110.6
3 24 67.7
3 25 85.9
3 26 63.8
3 27 87.5
3 28 42.4
3 29 105.8
3 30 66.6
3 31 81.9
3 32 59.8
3 33 73.0
3 34 122.5
3 35 83.9
3 36 77.5
3 37 110.9
3 38 97.9
3 39 92.7
3 40 77.6
3 41 95.2
3 42 69.0
3 43 89.1
3 44 71.5
3 45 95.5
3 46 99.1
3 47 67.0
3 48 95.1
3 49 58.9
3 50 131.4
4 5 94.0
4 6 68.8
4 7 66.7
4 8 91.2
4 9 94.8
4 10 68.4
4 11 96.2
4 12 79.9
4 13 109.0
4 14 82.3
4 15 108.5
4 16 93.8
4 17 61.0
4 18 135.3
4 19 94.0
4 20 112.7
4 21 60.5
4 22 122.3
4 23 97.9
4 24 86.5
4 25 90.6
4 26 60.8
4 27 116.8
4 28 85.4
4 29 102.9
4 30 62.0
4 31 105.5
4 32 53.7
4 33 82.3
4 34 82.7
4 35 124.3
4 36 98.0
4 37 78.9
4 38 121.6
4 39 70.8
4 40 56.3
4 41 82.8
4 42 71.5
4 43 37.5
4 44 73.0
4 45 77.1
4 46 99.0
4 47 93.2
4 48 71.5
4 49 67.8
4 50 83.4
5 6 77.9
5 7 89.8
5 8 40.4
5 9 136.6
5 10 94.9
5 11 93.5
5 12 129.3
5 13 114.4
5 14 66.4
5 15 146.3
5 16 79.8
5 17 67.1
5 18 146.9
5 19 64.2
5 20 87.6
5 21 55.9
5 22 101.6
5 23 87.6
5 24 108.5
5 25 132.2
5 26 86.0
5 27 113.9
5 28 72.2
5 29 138.1
5 30 58.1
5 31 86.0
5 32 90.9
5 33 119.8
5 34 43.9
5 35 95.6
5 36 43.7
5 37 62.8
5 38 80.5
5 39 57.8
5 40 74.3
5 41 93.5
5 42 106.8
5 43 61.2
5 44 87.8
5 45 110.6
5 46 41.5
5 47 84.7
5 48 70.1
5 49 81.6
5 50 112.2
6 7 86.5
6 8 84.6
6 9 135.5
6 10 78.4
6 11 105.4
6 12 91.1
6 13 129.4
6 14 72.9
6 15 104.1
6 16 84.4
6 17 90.2
6 18 120.3
6 19 56.3
6 20 87.0
6 21 29.5
6 22 95.7
6 23 106.8
6 24 85.3
6 25 113.6
6 26 34.8
6 27 97.1
6 28 72.0
6 29 137.1
6 30 65.7
6 31 101.9
6 32 43.4
6 33 76.3
6 34 88.7
6 35 115.9
6 36 67.6
6 37 94.4
6 38 108.2
6 39 90.7
6 40 68.2
6 41 109.2
6 42 60.0
6 43 68.7
6 44 41.4
6 45 111.1
6 46 100.7
6 47 87.8
6 48 84.0
6 49 24.7
6 50 121.4
7 8 68.7
7 9 60.1
7 10 27.2
7 11 87.4
7 12 70.0
7 13 62.8
7 14 36.7
7 15 79.0
7 16 64.0
7 17 73.2
7 18 85.3
7 19 83.5
7 20 70.0
7 21 64.8
7 22 74.7
7 23 93.8
7 24 58.6
7 25 44.3
7 26 74.9
7 27 78.6
7 28 66.5
7 29 80.0
7 30 35.4
7 31 47.9
7 32 55.2
7 33 74.0
7 34 102.6
7 35 64.1
7 36 97.8
7 37 83.7
7 38 74.3
7 39 70.7
7 40 31.8
7 41 64.2
7 42 89.3
7 43 56.0
7 44 71.2
7 45 38.1
7 46 76.4
7 47 79.7
7 48 52.7
7 49 84.2
7 50 63.0
8 9 106.9
8 10 77.0
8 11 81.3
8 12 125.3
8 13 78.9
8 14 48.6
8 15 133.4
8 16 84.0
8 17 54.1
8 18 126.5
8 19 78.8
8 20 81.0
8 21 58.7
8 22 89.1
8 23 78.2
8 24 101.7
8 25 112.0
8 26 91.3
8 27 83.9
8 28 81.4
8 29 130.5
8 30 47.2
8 31 54.5
8 32 80.1
8 33 115.2
8 34 60.0
8 35 72.6
8 36 74.8
8 37 56.6
8 38 47.9
8 39 70.3
8 40 54.2
8 41 95.3
8 42 117.2
8 43 61.9
8 44 79.1
8 45 87.7
8 46 35.4
8 47 85.7
8 48 57.1
8 49 87.2
8 50 82.9
9 10 70.5
9 11 104.3
9 12 106.6
9 13 50.7
9 14 92.0
9 15 108.5
9 16 118.4
9 17 95.1
9 18 112.7
9 19 140.4
9 20 121.6
9 21 116.0
9 22 124.8
9 23 111.8
9 24 107.6
9 25 61.0
9 26 126.5
9 27 101.3
9 28 123.0
9 29 92.0
9 30 90.5
9 31 83.3
9 32 96.6
9 33 118.7
9 34 135.9
9 35 102.9
9 36 154.1
9 37 107.1
9 38 107.2
9 39 113.6
9 40 77.4
9 41 104.9
9 42 139.5
9 43 96.2
9 44 116.7
9 45 40.8
9 46 113.2
9 47 118.3
9 48 94.5
9 49 130.8
9 50 52.6
10 11 74.6
10 12 58.5
10 13 68.5
10 14 41.8
10 15 62.7
10 16 58.7
10 17 86.3
10 18 73.9
10 19 74.3
10 20 60.3
10 21 59.4
10 22 78.3
10 23 83.6
10 24 67.9
10 25 48.0
10 26 73.8
10 27 70.6
10 28 61.4
10 29 75.7
10 30 47.4
10 31 58.0
10 32 42.9
10 33 77.2
10 34 107.8
10 35 74.9
10 36 99.2
10 37 82.7
10 38 83.8
10 39 78.8
10 40 46.4
10 41 79.7
10 42 85.8
10 43 64.2
10 44 71.4
10 45 39.9
10 46 82.6
10 47 62.5
10 48 73.9
10 49 69.7
10 50 83.7
11 12 118.2
11 13 79.1
11 14 86.9
11 15 125.9
11 16 94.5
11 17 92.6
11 18 130.7
11 19 95.7
11 20 96.0
11 21 83.8
11 22 133.1
11 23 14.2
11 24 136.5
11 25 116.5
11 26 120.3
11 27 98.8
11 28 95.6
11 29 103.3
11 30 89.2
11 31 95.6
11 32 86.8
11 33 144.3
11 34 90.8
11 35 117.0
11 36 115.5
11 37 45.6
11 38 106.7
11 39 91.3
11 40 93.5
11 41 121.7
11 42 134.3
11 43 85.4
11 44 117.5
11 45 73.8
11 46 71.9
11 47 49.5
11 48 115.5
11 49 88.1
11 50 114.1
12 13 122.9
12 14 84.4
12 15 45.9
12 16 70.3
12 17 124.7
12 18 88.2
12 19 88.4
12 20 86.8
12 21 86.4
12 22 99.7
12 23 127.2
12 24 63.7
12 25 58.2
12 26 73.7
12 27 117.4
12 28 69.9
12 29 73.1
12 30 82.6
12 31 107.8
12 32 67.8
12 33 61.9
12 34 141.5
12 35 113.5
12 36 114.2
12 37 125.8
12 38 133.7
12 39 98.5
12 40 85.0
12 41 83.8
12 42 60.9
12 43 89.5
12 44 92.0
12 45 81.0
12 46 126.7
12 47 89.2
12 48 103.7
12 49 83.2
12 50 123.3
13 14 75.6
13 15 118.2
13 16 108.6
13 17 90.1
13 18 106.3
13 19 125.0
13 20 100.8
13 21 105.3
13 22 111.3
13 23 85.4
13 24 117.8
13 25 83.4
13 26 130.0
13 27 75.7
13 28 114.7
13 29 106.6
13 30 83.3
13 31 56.6
13 32 96.1
13 33 132.8
13 34 120.3
13 35 80.3
13 36 139.8
13 37 86.2
13 38 73.4
13 39 109.0
13 40 76.0
13 41 114.1
13 42 149.2
13 43 97.2
13 44 113.9
13 45 49.7
13 46 84.8
13 47 100.3
13 48 93.8
13 49 123.2
13 50 66.1
14 15 88.6
14 16 50.1
14 17 77.4
14 18 83.9
14 19 58.6
14 20 44.6
14 21 48.7
14 22 51.7
14 23 91.0
14 24 61.7
14 25 72.5
14 26 68.5
14 27 68.8
14 28 51.2
14 29 101.7
14 30 26.1
14 31 34.4
14 32 56.8
14 33 78.6
14 34 92.7
14 35 46.6
14 36 73.0
14 37 80.7
14 38 51.9
14 39 68.5
14 40 37.5
14 41 73.3
14 42 88.3
14 43 61.0
14 44 61.4
14 45 67.0
14 46 60.1
14 47 71.4
14 48 51.8
14 49 73.2
14 50 84.8
15 16 87.3
15 17 143.6
15 18 50.0
15 19 102.0
15 20 82.2
15 21 100.7
15 22 89.8
15 23 137.3
15 24 75.7
15 25 57.1
15 26 93.7
15 27 95.9
15 28 91.1
15 29 95.9
15 30 98.1
15 31 102.0
15 32 74.7
15 33 74.2
15 34 163.9
15 35 107.2
15 36 135.2
15 37 142.5
15 38 127.6
15 39 128.6
15 40 95.8
15 41 114.7
15 42 91.8
15 43 116.4
15 44 95.7
15 45 89.2
15 46 140.5
15 47 101.8
15 48 119.5
15 49 96.5
15 50 131.9
16 17 106.9
16 18 95.8
16 19 42.4
16 20 40.4
16 21 64.9
16 22 72.3
16 23 99.2
16 24 71.5
16 25 84.9
16 26 76.9
16 27 107.6
16 28 15.8
16 29 81.9
16 30 55.8
16 31 77.2
16 32 77.5
16 33 88.0
16 34 107.3
16 35 75.3
16 36 65.8
16 37 95.3
16 38 95.2
16 39 60.7
16 40 75.6
16 41 63.6
16 42 77.4
16 43 73.8
16 44 91.8
16 45 82.7
16 46 74.6
16 47 54.6
16 48 84.5
16 49 77.1
16 50 122.2
17 18 151.4
17 19 105.4
17 20 117.9
17 21 70.4
17 22 122.2
17 23 88.5
17 24 106.9
17 25 112.9
17 26 90.0
17 27 111.4
17 28 101.0
17 29 128.5
17 30 58.1
17 31 87.7
17 32 81.6
17 33 114.0
17 34 49.8
17 35 109.0
17 36 95.5
17 37 55.8
17 38 91.4
17 39 68.0
17 40 53.2
17 41 91.4
17 42 113.2
17 43 41.9
17 44 84.6
17 45 85.1
17 46 67.7
17 47 105.5
17 48 53.1
17 49 94.4
17 50 59.6
18 19 109.9
18 20 71.3
18 21 111.8
18 22 70.0
18 23 141.8
18 24 88.8
18 25 71.2
18 26 114.8
18 27 73.4
18 28 103.4
18 29 118.8
18 30 103.7
18 31 82.6
18 32 92.6
18 33 96.8
18 34 172.1
18 35 82.9
18 36 142.3
18 37 149.0
18 38 104.0
18 39 142.3
18 40 101.7
18 41 129.9
18 42 123.2
18 43 132.9
18 44 103.5
18 45 98.2
18 46 136.7
18 47 112.0
18 48 122.9
18 49 115.4
18 50 133.8
19 20 49.4
19 21 44.4
19 22 78.5
19 23 97.6
19 24 85.3
19 25 111.4
19 26 63.2
19 27 104.1
19 28 32.1
19 29 116.7
19 30 61.9
19 31 89.7
19 32 69.9
19 33 91.9
19 34 93.8
19 35 93.2
19 36 42.5
19 37 91.8
19 38 97.6
19 39 72.1
19 40 80.0
19 41 91.4
19 42 71.7
19 43 75.7
19 44 76.8
19 45 106.2
19 46 78.0
19 47 58.4
19 48 90.2
19 49 51.2
19 50 134.7
20 21 69.6
20 22 51.3
20 23 102.3
20 24 80.1
20 25 89.2
20 26 87.6
20 27 80.1
20 28 47.7
20 29 105.6
20 30 65.6
20 31 61.5
20 32 77.5
20 33 95.3
20 34 120.8
20 35 58.8
20 36 80.7
20 37 104.6
20 38 75.6
20 39 90.9
20 40 79.6
20 41 95.0
20 42 97.8
20 43 94.5
20 44 87.0
20 45 90.4
20 46 81.3
20 47 63.8
20 48 93.7
20 49 80.8
20 50 126.8
21 22 84.0
21 23 84.8
21 24 77.9
21 25 99.3
21 26 42.3
21 27 85.8
21 28 54.4
21 29 118.2
21 30 40.8
21 31 78.6
21 32 38.2
21 33 79.0
21 34 70.7
21 35 93.9
21 36 55.8
21 37 70.4
21 38 86.3
21 39 67.2
21 40 48.5
21 41 89.5
21 42 67.2
21 43 47.7
21 44 45.3
21 45 88.8
21 46 72.1
21 47 67.9
21 48 65.3
21 49 31.7
21 50 102.4
22 23 138.5
22 24 59.6
22 25 88.1
22 26 85.5
22 27 81.2
22 28 75.3
22 29 131.8
22 30 69.5
22 31 58.0
22 32 87.6
22 33 77.4
22 34 136.3
22 35 45.7
22 36 93.4
22 37 131.0
22 38 67.2
22 39 109.5
22 40 76.0
22 41 99.1
22 42 101.0
22 43 105.8
22 44 75.5
22 45 107.1
22 46 103.0
22 47 109.2
22 48 80.6
22 49 101.8
22 50 119.2
23 24 142.1
23 25 126.2
23 26 122.9
23 27 106.0
23 28 99.1
23 29 111.9
23 30 91.3
23 31 100.3
23 32 92.6
23 33 150.1
23 34 81.5
23 35 121.6
23 36 112.8
23 37 36.7
23 38 108.2
23 39 89.2
23 40 96.5
23 41 123.9
23 42 138.0
23 43 84.5
23 44 120.5
23 45 82.5
23 46 67.2
23 47 55.4
23 48 115.8
23 49 90.8
23 50 116.1
24 25 62.4
24 26 56.9
24 27 106.2
24 28 69.3
24 29 108.1
24 30 58.5
24 31 81.3
24 32 72.1
24 33 29.5
24 34 129.8
24 35 79.9
24 36 94.4
24 37 128.3
24 38 100.6
24 39 91.7
24 40 60.1
24 41 67.1
24 42 61.8
24 43 81.4
24 44 65.3
24 45 92.4
24 46 113.0
24 47 112.0
24 48 63.0
24 49 93.0
24 50 101.4
25 26 96.3
25 27 95.8
25 28 90.5
25 29 73.7
25 30 75.9
25 31 76.9
25 32 77.2
25 33 74.5
25 34 144.9
25 35 84.6
25 36 132.1
25 37 123.1
25 38 106.6
25 39 105.3
25 40 69.6
25 41 82.5
25 42 100.4
25 43 93.0
25 44 95.3
25 45 51.8
25 46 117.9
25 47 104.5
25 48 87.7
25 49 109.8
25 50 86.1
26 27 106.7
26 28 64.8
26 29 125.1
26 30 56.3
26 31 98.8
26 32 47.4
26 33 46.3
26 34 99.0
26 35 108.1
26 36 68.8
26 37 106.6
26 38 110.1
26 39 82.8
26 40 58.8
26 41 86.9
26 42 34.4
26 43 62.0
26 44 38.6
26 45 104.8
26 46 105.7
26 47 97.9
26 48 68.5
26 49 49.3
26 50 111.8
27 28 109.7
27 29 141.3
27 30 85.9
27 31 59.7
27 32 72.2
27 33 111.2
27 34 131.6
27 35 80.6
27 36 127.7
27 37 109.6
27 38 65.7
27 39 130.7
27 40 76.9
27 41 137.9
27 42 131.9
27 43 111.1
27 44 77.8
27 45 91.8
27 46 106.4
27 47 103.7
27 48 101.6
27 49 95.2
27 50 103.7
28 29 89.6
28 30 51.6
28 31 82.5
28 32 71.3
28 33 82.3
28 34 98.5
28 35 83.1
28 36 53.5
28 37 91.8
28 38 98.1
28 39 55.1
28 40 72.0
28 41 63.4
28 42 65.6
28 43 65.8
28 44 83.5
28 45 87.9
28 46 74.6
28 47 56.1
28 48 80.0
28 49 66.3
28 50 122.1
29 30 100.3
29 31 114.0
29 32 109.2
29 33 121.5
29 34 144.5
29 35 119.3
29 36 136.9
29 37 115.9
29 38 141.8
29 39 92.3
29 40 107.0
29 41 80.1
29 42 117.2
29 43 99.9
29 44 139.5
29 45 62.7
29 46 115.9
29 47 85.6
29 48 120.9
29 49 123.8
29 50 122.3
30 31 52.8
30 32 53.3
30 33 72.7
30 34 76.5
30 35 66.0
30 36 65.3
30 37 72.2
30 38 67.1
30 39 51.4
30 40 24.1
30 41 59.5
30 42 76.7
30 43 37.3
30 44 56.6
30 45 66.9
30 46 58.4
30 47 76.3
30 48 33.7
30 49 68.9
30 50 74.6
31 32 79.9
31 33 100.6
31 34 110.4
31 35 29.9
31 36 102.0
31 37 92.9
31 38 30.7
31 39 92.4
31 40 53.6
31 41 92.7
31 42 120.2
31 43 85.1
31 44 81.9
31 45 69.4
31 46 68.9
31 47 92.5
31 48 64.4
31 49 102.4
31 50 78.0
32 33 66.5
32 34 98.5
32 35 99.1
32 36 91.3
32 37 85.9
32 38 95.7
32 39 88.6
32 40 46.4
32 41 98.3
32 42 68.8
32 43 61.2
32 44 41.3
32 45 74.7
32 46 96.0
32 47 76.9
32 48 75.2
32 49 39.7
32 50 93.9
33 34 136.2
33 35 104.1
33 36 102.7
33 37 136.9
33 38 118.3
33 39 105.9
33 40 69.3
33 41 87.5
33 42 49.6
33 43 88.1
33 44 57.5
33 45 105.2
33 46 130.0
33 47 120.8
33 48 77.3
33 49 86.2
33 50 112.0
34 35 127.2
34 36 75.4
34 37 47.8
34 38 107.8
34 39 64.8
34 40 84.4
34 41 106.8
34 42 119.0
34 43 57.3
34 44 102.0
34 45 114.2
34 46 60.3
34 47 97.8
34 48 82.8
34 49 90.3
34 50 107.8
35 36 103.7
35 37 114.4
35 38 42.8
35 39 99.7
35 40 73.0
35 41 91.5
35 42 125.1
35 43 101.0
35 44 96.4
35 45 87.8
35 46 80.4
35 47 104.0
35 48 74.9
35 49 117.7
35 50 99.0
36 37 94.0
36 38 102.6
36 39 62.4
36 40 85.3
36 41 87.3
36 42 80.1
36 43 71.5
36 44 85.1
36 45 124.1
36 46 73.9
36 47 87.5
36 48 80.8
36 49 73.6
36 50 135.0
37 38 97.8
37 39 66.4
37 40 77.8
37 41 105.3
37 42 124.7
37 43 58.3
37 44 105.5
37 45 81.6
37 46 48.6
37 47 68.5
37 48 90.0
37 49 85.5
37 50 96.0
38 39 104.3
38 40 68.8
38 41 111.7
38 42 135.9
38 43 97.5
38 44 88.5
38 45 96.0
38 46 69.2
38 47 107.6
38 48 72.4
38 49 112.1
38 50 90.6
39 40 69.8
39 41 47.7
39 42 88.3
39 43 38.5
39 44 99.9
39 45 83.9
39 46 54.8
39 47 74.3
39 48 66.2
39 49 88.0
39 50 100.8
40 41 73.2
40 42 83.2
40 43 43.7
40 44 48.4
40 45 62.9
40 46 73.6
40 47 89.6
40 48 32.6
40 49 73.3
40 50 57.9
41 42 84.6
41 43 62.3
41 44 105.4
41 45 82.3
41 46 87.0
41 47 99.6
41 48 64.4
41 49 109.9
41 50 98.0
42 43 77.1
42 44 71.2
42 45 114.7
42 46 123.6
42 47 103.4
42 48 90.6
42 49 65.4
42 50 132.5
43 44 72.8
43 45 72.7
43 46 65.0
43 47 79.4
43 48 49.5
43 49 69.2
43 50 77.5
44 45 102.4
44 46 104.3
44 47 106.3
44 48 64.0
44 49 58.0
44 50 98.0
45 46 86.5
45 47 78.8
45 48 84.1
45 49 101.9
45 50 68.9
46 47 72.0
46 48 74.5
46 49 97.1
46 50 98.5
47 48 109.1
47 49 68.6
47 50 128.8
48 49 94.3
48 50 62.0
49 50 125.0
1 370.0 3.51 485.0
2 680.0 2.68 558.0
3 1205.0 7.56 847.0
4 178.0 0.58 195.0
5 772.0 2.18 597.0
6 941.0 1.45 790.0
7 493.0 3.57 712.0
8 419.0 3.33 429.0
9 340.0 2.52 413.0
10 772.0 0.08 415.0
11 130.0 0.48 226.0
12 1128.0 4.68 576.0
13 591.0 0.05 851.0
14 1013.0 8.93 943.0
15 690.0 0.47 555.0
16 307.0 2.66 267.0
17 496.0 0.9 462.0
18 136.0 1.06 118.0
19 172.0 1.16 207.0
20 885.0 2.75 937.0
21 1118.0 9.75 575.0
22 630.0 0.08 419.0
23 257.0 0.33 352.0
24 394.0 0.24 314.0
25 704.0 5.4 392.0
26 410.0 3.02 255.0
27 721.0 5.18 669.0
28 346.0 2.54 187.0
29 1321.0 0.62 689.0
30 547.0 4.64 367.0
31 956.0 2.62 814.0
32 280.0 1.39 173.0
33 1326.0 2.68 924.0
34 11.0 0.1 13.0
35 647.0 1.53 367.0
36 1660.0 16.53 873.0
37 541.0 4.46 802.0
38 94.0 0.22 78.0
39 984.0 5.5 653.0
40 1091.0 10.78 566.0
41 270.0 1.59 492.0
42 644.0 5.48 878.0
43 196.0 1.63 142.0
44 974.0 7.64 694.0
45 133.0 0.2 173.0
46 94.0 0.7 48.0
47 307.0 1.71 312.0
48 1091.0 7.25 634.0
49 764.0 5.74 517.0
50 292.0 1.57 518.0
6104 8875 4894
