50
1 2 124.5
1 3 157.4
1 4 119.1
1 5 165.1
1 6 106.9
1 7 179.7
1 8 156.7
1 9 106.4
1 10 156.4
1 11 141.7
1 12 117.0
1 13 137.9
1 14 109.4
1 15 136.3
1 16 133.1
1 17 139.5
1 18 99.8
1 19 111.4
1 20 114.7
1 21 132.1
1 22 88.2
1 23 154.5
1 24 111.3
1 25 146.3
1 26 158.8
1 27 136.8
1 28 166.4
1 29 132.4
1 30 139.4
1 31 142.0
1 32 144.6
1 33 100.9
1 34 132.8
1 35 115.1
1 36 142.8
1 37 128.8
1 38 134.6
1 39 153.6
1 40 165.9
1 41 143.9
1 42 116.7
1 43 135.9
1 44 124.3
1 45 136.0
1 46 136.7
1 47 162.5
1 48 161.6
1 49 142.7
1 50 141.7
2 3 147.8
2 4 134.5
2 5 158.2
2 6 148.1
2 7 159.4
2 8 133.8
2 9 110.0
2 10 129.6
2 11 105.8
2 12 151.6
2 13 139.1
2 14 101.9
2 15 124.6
2 16 143.0
2 17 141.5
2 18 133.2
2 19 118.3
2 20 165.1
2 21 138.1
2 22 139.0
2 23 171.9
2 24 131.7
2 25 202.5
2 26 158.2
2 27 120.5
2 28 174.5
2 29 167.2
2 30 158.7
2 31 148.8
2 32 143.4
2 33 147.1
2 34 127.9
2 35 124.8
2 36 147.0
2 37 138.1
2 38 164.0
2 39 143.0
2 40 114.9
2 41 84.6
2 42 139.6
2 43 181.5
2 44 118.5
2 45 107.5
2 46 138.7
2 47 130.4
2 48 180.2
2 49 139.0
2 50 139.5
3 4 152.8
3 5 169.8
3 6 139.3
3 7 120.2
3 8 112.7
3 9 124.2
3 10 93.0
3 11 169.8
3 12 104.4
3 13 149.9
3 14 146.4
3 15 181.3
3 16 124.0
3 17 162.6
3 18 133.7
3 19 162.2
3 20 162.4
3 21 155.6
3 22 147.5
3 23 157.2
3 24 142.9
3 25 171.3
3 26 170.1
3 27 111.6
3 28 157.6
3 29 169.5
3 30 151.1
3 31 143.0
3 32 133.6
3 33 163.6
3 34 96.3
3 35 169.4
3 36 159.6
3 37 146.9
3 38 145.1
3 39 133.0
3 40 134.7
3 41 161.7
3 42 132.5
3 43 107.0
3 44 131.9
3 45 161.7
3 46 199.1
3 47 159.1
3 48 140.6
3 49 113.5
3 50 155.4
4 5 127.2
4 6 137.9
4 7 152.2
4 8 142.5
4 9 110.7
4 10 170.3
4 11 143.8
4 12 125.8
4 13 179.2
4 14 148.8
4 15 127.9
4 16 150.4
4 17 134.0
4 18 146.3
4 19 104.5
4 20 163.8
4 21 133.0
4 22 128.5
4 23 166.1
4 24 139.3
4 25 171.5
4 26 155.2
4 27 112.4
4 28 163.3
4 29 190.2
4 30 151.4
4 31 157.2
4 32 125.3
4 33 93.0
4 34 131.8
4 35 101.5
4 36 101.0
4 37 147.9
4 38 123.7
4 39 163.9
4 40 128.2
4 41 137.0
4 42 123.0
4 43 138.7
4 44 134.0
4 45 153.4
4 46 144.1
4 47 140.2
4 48 151.3
4 49 126.0
4 50 135.2
5 6 183.0
5 7 129.9
5 8 147.9
5 9 116.8
5 10 175.2
5 11 147.4
5 12 138.7
5 13 151.9
5 14 152.2
5 15 109.7
5 16 143.7
5 17 107.8
5 18 173.9
5 19 137.3
5 20 177.8
5 21 125.8
5 22 157.7
5 23 181.5
5 24 181.9
5 25 161.1
5 26 149.6
5 27 168.4
5 28 141.8
5 29 178.0
5 30 93.7
5 31 136.3
5 32 123.7
5 33 144.1
5 34 150.3
5 35 156.9
5 36 109.0
5 37 169.2
5 38 141.2
5 39 153.8
5 40 102.1
5 41 132.1
5 42 150.6
5 43 171.8
5 44 126.4
5 45 166.0
5 46 172.5
5 47 122.0
5 48 150.6
5 49 136.9
5 50 119.7
6 7 168.7
6 8 149.7
6 9 101.9
6 10 169.0
6 11 186.9
6 12 129.3
6 13 141.3
6 14 111.0
6 15 138.6
6 16 132.8
6 17 173.1
6 18 113.7
6 19 123.4
6 20 133.8
6 21 130.4
6 22 145.6
6 23 159.7
6 24 135.4
6 25 176.8
6 26 184.6
6 27 151.5
6 28 160.6
6 29 123.8
6 30 148.8
6 31 161.4
6 32 153.8
6 33 142.5
6 34 126.3
6 35 147.3
6 36 160.9
6 37 132.9
6 38 148.5
6 39 186.1
6 40 168.5
6 41 173.7
6 42 124.8
6 43 140.1
6 44 142.0
6 45 176.7
6 46 154.7
6 47 166.3
6 48 169.2
6 49 163.6
6 50 132.8
7 8 95.5
7 9 136.7
7 10 116.1
7 11 156.2
7 12 131.2
7 13 132.5
7 14 153.7
7 15 127.3
7 16 126.9
7 17 126.4
7 18 140.8
7 19 173.4
7 20 160.0
7 21 108.2
7 22 168.0
7 23 146.5
7 24 194.0
7 25 145.6
7 26 143.9
7 27 145.2
7 28 126.5
7 29 168.3
7 30 117.9
7 31 124.9
7 32 106.1
7 33 182.4
7 34 146.7
7 35 192.6
7 36 152.0
7 37 155.0
7 38 136.1
7 39 136.1
7 40 101.6
7 41 153.5
7 42 106.4
7 43 134.5
7 44 126.4
7 45 160.9
7 46 168.1
7 47 125.2
7 48 105.6
7 49 113.3
7 50 133.1
8 9 121.5
8 10 121.6
8 11 136.0
8 12 119.3
8 13 118.5
8 14 154.9
8 15 127.7
8 16 141.8
8 17 117.4
8 18 131.3
8 19 136.3
8 20 154.2
8 21 104.3
8 22 175.7
8 23 168.1
8 24 180.5
8 25 152.9
8 26 135.5
8 27 136.6
8 28 148.4
8 29 156.3
8 30 126.0
8 31 147.3
8 32 134.8
8 33 167.9
8 34 111.9
8 35 184.6
8 36 136.4
8 37 139.0
8 38 135.5
8 39 133.2
8 40 98.0
8 41 139.9
8 42 89.9
8 43 143.7
8 44 122.0
8 45 166.4
8 46 167.4
8 47 118.1
8 48 154.7
8 49 102.2
8 50 166.1
9 10 147.3
9 11 138.2
9 12 109.7
9 13 141.1
9 14 84.9
9 15 116.8
9 16 133.9
9 17 136.2
9 18 116.6
9 19 107.6
9 20 124.8
9 21 126.4
9 22 131.9
9 23 152.7
9 24 107.8
9 25 150.1
9 26 121.3
9 27 132.5
9 28 150.8
9 29 114.9
9 30 102.0
9 31 153.3
9 32 133.4
9 33 101.8
9 34 95.9
9 35 110.4
9 36 99.6
9 37 95.4
9 38 146.3
9 39 156.4
9 40 102.8
9 41 115.5
9 42 110.6
9 43 134.3
9 44 103.4
9 45 140.8
9 46 144.5
9 47 104.6
9 48 138.1
9 49 110.7
9 50 87.0
10 11 152.3
10 12 129.7
10 13 141.4
10 14 156.1
10 15 166.7
10 16 120.7
10 17 141.6
10 18 125.3
10 19 181.2
10 20 135.8
10 21 145.5
10 22 135.8
10 23 117.5
10 24 165.8
10 25 162.0
10 26 163.2
10 27 112.8
10 28 152.7
10 29 168.9
10 30 146.0
10 31 118.7
10 32 134.7
10 33 182.2
10 34 139.7
10 35 180.5
10 36 183.8
10 37 142.0
10 38 138.6
10 39 90.6
10 40 131.9
10 41 158.3
10 42 137.0
10 43 137.6
10 44 119.1
10 45 113.1
10 46 163.7
10 47 147.4
10 48 125.4
10 49 101.6
10 50 164.2
11 12 119.1
11 13 135.3
11 14 133.3
11 15 145.6
11 16 154.2
11 17 143.8
11 18 153.4
11 19 142.5
11 20 176.9
11 21 131.0
11 22 131.8
11 23 186.0
11 24 134.5
11 25 163.6
11 26 161.3
11 27 170.7
11 28 150.9
11 29 196.6
11 30 159.0
11 31 136.6
11 32 127.2
11 33 160.5
11 34 134.5
11 35 162.2
11 36 146.2
11 37 135.3
11 38 150.3
11 39 162.5
11 40 113.7
11 41 112.9
11 42 132.2
11 43 179.9
11 44 118.0
11 45 149.5
11 46 156.5
11 47 149.3
11 48 174.5
11 49 125.9
11 50 164.9
12 13 124.0
12 14 130.9
12 15 155.3
12 16 110.1
12 17 144.5
12 18 122.0
12 19 140.1
12 20 136.7
12 21 116.3
12 22 104.6
12 23 147.8
12 24 109.6
12 25 109.9
12 26 156.9
12 27 148.0
12 28 121.4
12 29 158.9
12 30 125.5
12 31 114.9
12 32 101.1
12 33 134.1
12 34 85.4
12 35 157.9
12 36 134.5
12 37 114.5
12 38 98.4
12 39 147.5
12 40 125.1
12 41 156.2
12 42 101.2
12 43 99.9
12 44 108.0
12 45 164.0
12 46 166.4
12 47 152.1
12 48 127.7
12 49 94.8
12 50 142.8
13 14 124.1
13 15 114.7
13 16 112.4
13 17 128.5
13 18 132.3
13 19 136.8
13 20 154.8
13 21 82.7
13 22 150.2
13 23 174.7
13 24 179.4
13 25 153.7
13 26 177.9
13 27 180.3
13 28 120.9
13 29 139.5
13 30 119.7
13 31 93.0
13 32 131.8
13 33 188.9
13 34 142.4
13 35 199.7
13 36 168.0
13 37 162.1
13 38 136.8
13 39 143.6
13 40 144.8
13 41 143.5
13 42 123.3
13 43 164.7
13 44 122.8
13 45 172.6
13 46 172.4
13 47 158.2
13 48 173.8
13 49 161.2
13 50 157.7
14 15 127.3
14 16 126.9
14 17 154.1
14 18 109.1
14 19 132.9
14 20 153.1
14 21 136.9
14 22 122.5
14 23 170.7
14 24 102.5
14 25 179.2
14 26 173.4
14 27 154.4
14 28 153.7
14 29 135.7
14 30 133.4
14 31 147.1
14 32 125.0
14 33 142.2
14 34 123.1
14 35 122.9
14 36 155.3
14 37 122.4
14 38 169.5
14 39 181.5
14 40 134.8
14 41 122.6
14 42 126.8
14 43 166.4
14 44 121.7
14 45 141.5
14 46 143.6
14 47 158.6
14 48 160.4
14 49 154.8
14 50 102.8
15 16 135.8
15 17 98.8
15 18 141.6
15 19 119.3
15 20 148.8
15 21 70.4
15 22 161.7
15 23 157.7
15 24 189.1
15 25 167.1
15 26 152.6
15 27 155.8
15 28 142.2
15 29 147.3
15 30 105.2
15 31 130.4
15 32 127.6
15 33 159.0
15 34 159.9
15 35 160.9
15 36 132.9
15 37 156.9
15 38 130.6
15 39 156.2
15 40 112.8
15 41 122.2
15 42 115.3
15 43 181.8
15 44 130.1
15 45 150.3
15 46 113.1
15 47 116.0
15 48 156.5
15 49 153.1
15 50 121.9
16 17 143.4
16 18 99.3
16 19 150.5
16 20 163.0
16 21 117.4
16 22 117.5
16 23 165.8
16 24 157.3
16 25 172.5
16 26 173.2
16 27 143.6
16 28 144.2
16 29 136.9
16 30 139.0
16 31 110.0
16 32 80.6
16 33 143.8
16 34 112.6
16 35 156.0
16 36 179.6
16 37 166.1
16 38 121.9
16 39 118.5
16 40 146.0
16 41 169.1
16 42 129.3
16 43 125.4
16 44 100.4
16 45 118.4
16 46 159.6
16 47 154.6
16 48 156.5
16 49 128.2
16 50 124.0
17 18 133.2
17 19 133.4
17 20 146.1
17 21 115.2
17 22 144.1
17 23 155.5
17 24 189.2
17 25 154.4
17 26 171.2
17 27 142.3
17 28 133.4
17 29 175.5
17 30 85.9
17 31 125.4
17 32 128.0
17 33 159.3
17 34 163.0
17 35 156.0
17 36 149.9
17 37 156.2
17 38 137.2
17 39 135.1
17 40 119.6
17 41 145.4
17 42 127.3
17 43 180.7
17 44 122.4
17 45 144.7
17 46 133.7
17 47 150.5
17 48 149.5
17 49 131.4
17 50 168.2
18 19 143.6
18 20 124.2
18 21 138.7
18 22 110.2
18 23 156.0
18 24 136.1
18 25 161.9
18 26 168.4
18 27 140.2
18 28 152.3
18 29 116.8
18 30 133.0
18 31 149.6
18 32 118.8
18 33 126.2
18 34 126.0
18 35 127.5
18 36 185.3
18 37 120.1
18 38 156.9
18 39 146.8
18 40 157.0
18 41 177.4
18 42 109.6
18 43 135.9
18 44 95.3
18 45 112.5
18 46 130.2
18 47 164.4
18 48 153.8
18 49 119.7
18 50 143.1
19 20 165.7
19 21 129.9
19 22 140.3
19 23 200.6
19 24 150.9
19 25 188.9
19 26 167.8
19 27 158.9
19 28 149.7
19 29 158.5
19 30 140.9
19 31 148.6
19 32 161.5
19 33 112.8
19 34 137.6
19 35 123.7
19 36 114.9
19 37 153.8
19 38 161.2
19 39 161.3
19 40 152.7
19 41 131.1
19 42 149.8
19 43 163.5
19 44 113.2
19 45 170.3
19 46 176.5
19 47 145.0
19 48 200.2
19 49 161.9
19 50 148.8
20 21 138.9
20 22 130.9
20 23 88.2
20 24 161.4
20 25 104.2
20 26 151.7
20 27 165.6
20 28 143.4
20 29 125.0
20 30 111.8
20 31 143.5
20 32 176.7
20 33 161.3
20 34 174.6
20 35 174.9
20 36 166.5
20 37 95.5
20 38 145.1
20 39 152.5
20 40 166.1
20 41 181.8
20 42 133.1
20 43 144.8
20 44 128.9
20 45 156.1
20 46 136.1
20 47 147.4
20 48 117.0
20 49 130.6
20 50 154.5
21 22 151.3
21 23 142.8
21 24 180.9
21 25 130.7
21 26 146.3
21 27 154.5
21 28 122.3
21 29 147.5
21 30 113.0
21 31 98.2
21 32 110.8
21 33 168.5
21 34 139.0
21 35 186.2
21 36 130.5
21 37 151.0
21 38 86.2
21 39 140.6
21 40 113.2
21 41 130.0
21 42 86.2
21 43 147.1
21 44 127.6
21 45 164.2
21 46 133.1
21 47 120.1
21 48 138.6
21 49 136.1
21 50 133.7
22 23 143.7
22 24 102.2
22 25 147.3
22 26 184.7
22 27 147.4
22 28 131.9
22 29 170.9
22 30 143.6
22 31 110.6
22 32 122.5
22 33 119.5
22 34 147.5
22 35 116.1
22 36 166.9
22 37 129.5
22 38 138.6
22 39 146.6
22 40 167.6
22 41 164.1
22 42 147.5
22 43 132.9
22 44 103.2
22 45 124.9
22 46 150.9
22 47 180.2
22 48 142.4
22 49 134.3
22 50 143.5
23 24 176.6
23 25 129.3
23 26 179.4
23 27 144.4
23 28 149.3
23 29 181.5
23 30 137.3
23 31 134.4
23 32 160.6
23 33 195.6
23 34 186.5
23 35 192.2
23 36 181.9
23 37 127.2
23 38 124.2
23 39 157.9
23 40 153.2
23 41 183.3
23 42 141.9
23 43 159.1
23 44 159.5
23 45 157.0
23 46 126.4
23 47 161.5
23 48 78.5
23 49 134.9
23 50 161.6
24 25 179.1
24 26 189.8
24 27 156.5
24 28 175.5
24 29 181.5
24 30 173.3
24 31 172.7
24 32 149.2
24 33 125.8
24 34 114.9
24 35 111.7
24 36 161.3
24 37 109.6
24 38 172.0
24 39 196.8
24 40 159.9
24 41 157.1
24 42 153.0
24 43 155.3
24 44 136.8
24 45 159.4
24 46 170.9
24 47 186.0
24 48 169.8
24 49 142.5
24 50 147.2
25 26 146.1
25 27 193.3
25 28 138.9
25 29 164.9
25 30 118.3
25 31 137.2
25 32 161.9
25 33 178.5
25 34 174.0
25 35 212.4
25 36 151.3
25 37 132.9
25 38 124.5
25 39 167.8
25 40 161.7
25 41 186.6
25 42 120.3
25 43 130.5
25 44 151.8
25 45 198.6
25 46 177.5
25 47 160.4
25 48 105.3
25 49 129.1
25 50 169.5
26 27 163.7
26 28 202.9
26 29 135.6
26 30 150.9
26 31 182.8
26 32 175.7
26 33 141.1
26 34 150.6
26 35 187.0
26 36 112.5
26 37 158.9
26 38 161.8
26 39 135.0
26 40 134.4
26 41 136.7
26 42 129.4
26 43 134.5
26 44 143.9
26 45 158.0
26 46 189.7
26 47 69.2
26 48 153.6
26 49 116.4
26 50 128.9
27 28 197.5
27 29 190.2
27 30 167.9
27 31 162.3
27 32 134.2
27 33 144.8
27 34 129.4
27 35 134.6
27 36 150.7
27 37 167.4
27 38 132.3
27 39 130.6
27 40 131.1
27 41 136.3
27 42 126.1
27 43 142.4
27 44 157.8
27 45 122.1
27 46 151.9
27 47 152.6
27 48 142.8
27 49 123.0
27 50 156.2
28 29 185.3
28 30 110.0
28 31 88.9
28 32 140.0
28 33 190.0
28 34 177.5
28 35 190.2
28 36 172.2
28 37 134.8
28 38 150.3
28 39 171.9
28 40 152.8
28 41 183.5
28 42 157.4
28 43 165.7
28 44 109.6
28 45 191.6
28 46 174.8
28 47 174.7
28 48 142.0
28 49 155.5
28 50 162.2
29 30 131.5
29 31 176.3
29 32 179.9
29 33 150.4
29 34 151.8
29 35 182.0
29 36 176.9
29 37 150.4
29 38 181.9
29 39 157.0
29 40 179.1
29 41 183.8
29 42 144.6
29 43 148.9
29 44 128.1
29 45 159.5
29 46 181.1
29 47 136.1
29 48 180.4
29 49 157.8
29 50 127.2
30 31 122.2
30 32 138.0
30 33 156.4
30 34 153.5
30 35 165.6
30 36 136.3
30 37 124.8
30 38 141.1
30 39 147.3
30 40 118.5
30 41 153.2
30 42 127.8
30 43 159.7
30 44 109.9
30 45 162.0
30 46 149.0
30 47 130.5
30 48 122.6
30 49 127.0
30 50 130.5
31 32 119.6
31 33 182.0
31 34 162.7
31 35 188.3
31 36 161.1
31 37 161.9
31 38 108.5
31 39 119.7
31 40 146.5
31 41 148.8
31 42 143.9
31 43 144.8
31 44 116.6
31 45 157.8
31 46 168.9
31 47 160.1
31 48 134.7
31 49 149.1
31 50 150.0
32 33 149.9
32 34 114.1
32 35 150.2
32 36 163.0
32 37 158.6
32 38 108.7
32 39 151.5
32 40 111.3
32 41 152.8
32 42 104.0
32 43 141.3
32 44 122.4
32 45 134.0
32 46 137.6
32 47 159.1
32 48 131.1
32 49 115.7
32 50 128.2
33 34 126.9
33 35 79.9
33 36 128.5
33 37 149.5
33 38 164.6
33 39 161.0
33 40 164.0
33 41 161.8
33 42 147.3
33 43 130.5
33 44 117.8
33 45 137.9
33 46 172.2
33 47 147.3
33 48 178.7
33 49 130.2
33 50 127.2
34 35 145.4
34 36 138.7
34 37 139.6
34 38 134.0
34 39 152.9
34 40 114.7
34 41 142.1
34 42 110.9
34 43 125.6
34 44 124.4
34 45 153.0
34 46 177.3
34 47 141.0
34 48 169.5
34 49 103.8
34 50 139.2
35 36 158.6
35 37 146.3
35 38 186.9
35 39 184.5
35 40 162.4
35 41 159.7
35 42 167.1
35 43 175.4
35 44 129.3
35 45 125.8
35 46 151.6
35 47 175.0
35 48 185.5
35 49 150.9
35 50 138.8
36 37 156.6
36 38 140.2
36 39 165.0
36 40 117.6
36 41 100.4
36 42 132.1
36 43 144.2
36 44 151.1
36 45 189.5
36 46 189.5
36 47 106.9
36 48 155.9
36 49 140.8
36 50 128.4
37 38 163.9
37 39 181.3
37 40 131.9
37 41 165.7
37 42 128.9
37 43 158.2
37 44 109.5
37 45 156.9
37 46 133.7
37 47 145.4
37 48 131.4
37 49 108.1
37 50 146.9
38 39 136.0
38 40 130.0
38 41 156.1
38 42 103.3
38 43 127.7
38 44 151.4
38 45 165.3
38 46 144.7
38 47 146.7
38 48 123.1
38 49 122.1
38 50 155.7
39 40 150.4
39 41 154.3
39 42 154.1
39 43 132.7
39 44 116.7
39 45 114.0
39 46 187.9
39 47 125.1
39 48 159.3
39 49 118.7
39 50 161.8
40 41 103.5
40 42 110.0
40 43 169.2
40 44 128.6
40 45 146.7
40 46 140.2
40 47 99.0
40 48 131.0
40 49 96.2
40 50 129.9
41 42 137.2
41 43 180.8
41 44 152.5
41 45 155.0
41 46 171.2
41 47 119.4
41 48 171.2
41 49 154.4
41 50 133.6
42 43 123.2
42 44 137.6
42 45 155.6
42 46 127.6
42 47 132.2
42 48 119.7
42 49 105.0
42 50 138.7
43 44 134.4
43 45 170.2
43 46 203.8
43 47 150.7
43 48 129.8
43 49 119.0
43 50 137.5
44 45 113.2
44 46 153.8
44 47 122.0
44 48 152.8
44 49 100.3
44 50 123.6
45 46 129.7
45 47 143.7
45 48 163.6
45 49 120.4
45 50 140.7
46 47 164.9
46 48 148.7
46 49 145.5
46 50 160.9
47 48 149.6
47 49 111.2
47 50 110.7
48 49 114.9
48 50 134.6
49 50 143.3
1 230.0 0.75 141.0
2 62.0 0.4 89.0
3 723.0 0.44 432.0
4 23.0 0.15 32.0
5 227.0 1.11 262.0
6 1227.0 2.27 873.0
7 1129.0 7.05 903.0
8 684.0 4.78 958.0
9 1866.0 12.63 962.0
10 642.0 2.86 346.0
11 569.0 0.09 777.0
12 1162.0 1.28 884.0
13 973.0 2.81 782.0
14 1441.0 3.89 732.0
15 537.0 3.47 802.0
16 1041.0 7.62 783.0
17 383.0 2.63 237.0
18 401.0 0.41 378.0
19 247.0 0.59 447.0
20 948.0 3.4 930.0
21 329.0 1.42 395.0
22 181.0 0.08 157.0
23 1315.0 4.79 758.0
24 705.0 6.32 565.0
25 957.0 1.77 959.0
26 1362.0 3.09 885.0
27 679.0 4.7 585.0
28 862.0 1.31 851.0
29 419.0 2.6 229.0
30 575.0 4.64 421.0
31 709.0 4.93 423.0
32 1300.0 3.49 722.0
33 354.0 0.07 510.0
34 1531.0 5.7 854.0
35 1083.0 6.55 753.0
36 150.0 0.94 123.0
37 128.0 0.79 78.0
38 1128.0 7.59 655.0
39 138.0 0.09 80.0
40 413.0 3.64 392.0
41 488.0 2.79 352.0
42 1098.0 9.63 857.0
43 842.0 0.28 627.0
44 373.0 1.35 485.0
45 667.0 5.06 588.0
46 792.0 0.97 429.0
47 153.0 0.81 268.0
48 343.0 0.41 176.0
49 1415.0 13.37 806.0
50 51.0 0.45 66.0
7011 10273 5359
