50
1 2 84.9
1 3 75.8
1 4 51.0
1 5 102.4
1 6 70.2
1 7 56.5
1 8 95.6
1 9 87.8
1 10 88.1
1 11 97.2
1 12 75.9
1 13 79.2
1 14 80.1
1 15 88.0
1 16 63.2
1 17 58.5
1 18 125.4
1 19 110.4
1 20 52.5
1 21 99.8
1 22 84.0
1 23 109.4
1 24 129.3
1 25 92.7
1 26 86.0
1 27 89.9
1 28 87.9
1 29 76.5
1 30 71.0
1 31 57.0
1 32 96.5
1 33 80.8
1 34 95.6
1 35 80.8
1 36 115.0
1 37 92.9
1 38 58.9
1 39 109.9
1 40 83.2
1 41 73.8
1 42 76.5
1 43 106.4
1 44 86.4
1 45 79.6
1 46 76.5
1 47 85.9
1 48 89.6
1 49 83.0
1 50 69.4
2 3 77.0
2 4 55.9
2 5 75.8
2 6 98.5
2 7 122.8
2 8 97.9
2 9 101.2
2 10 93.8
2 11 98.4
2 12 107.1
2 13 92.8
2 14 76.6
2 15 87.3
2 16 98.0
2 17 65.4
2 18 72.4
2 19 107.2
2 20 59.4
2 21 97.9
2 22 120.8
2 23 116.6
2 24 77.8
2 25 57.9
2 26 94.7
2 27 99.0
2 28 75.4
2 29 113.2
2 30 96.8
2 31 80.7
2 32 76.4
2 33 55.3
2 34 138.6
2 35 61.0
2 36 69.7
2 37 106.0
2 38 81.8
2 39 79.6
2 40 82.9
2 41 88.5
2 42 121.4
2 43 140.4
2 44 94.1
2 45 74.3
2 46 97.7
2 47 115.1
2 48 120.0
2 49 132.2
2 50 74.2
3 4 68.9
3 5 62.3
3 6 60.8
3 7 98.2
3 8 85.7
3 9 89.1
3 10 75.8
3 11 72.6
3 12 67.5
3 13 35.4
3 14 76.3
3 15 57.2
3 16 81.2
3 17 56.9
3 18 81.4
3 19 95.9
3 20 95.1
3 21 60.6
3 22 100.0
3 23 57.5
3 24 87.7
3 25 98.8
3 26 38.5
3 27 45.5
3 28 25.5
3 29 76.7
3 30 82.3
3 31 38.0
3 32 76.5
3 33 62.7
3 34 104.9
3 35 104.5
3 36 101.9
3 37 78.2
3 38 32.5
3 39 83.0
3 40 58.0
3 41 61.2
3 42 89.2
3 43 79.0
3 44 32.2
3 45 96.2
3 46 66.9
3 47 49.6
3 48 84.3
3 49 64.6
3 50 72.6
4 5 72.6
4 6 66.9
4 7 74.3
4 8 82.8
4 9 56.9
4 10 89.2
4 11 82.8
4 12 84.5
4 13 88.4
4 14 70.8
4 15 77.8
4 16 56.2
4 17 64.8
4 18 110.9
4 19 99.2
4 20 59.1
4 21 89.1
4 22 72.2
4 23 106.7
4 24 95.7
4 25 57.5
4 26 88.9
4 27 90.8
4 28 67.1
4 29 105.0
4 30 58.4
4 31 66.0
4 32 87.1
4 33 61.5
4 34 111.2
4 35 76.8
4 36 80.5
4 37 74.3
4 38 62.4
4 39 108.8
4 40 58.1
4 41 49.6
4 42 94.6
4 43 111.3
4 44 93.5
4 45 81.5
4 46 91.1
4 47 96.9
4 48 101.5
4 49 100.8
4 50 43.0
5 6 62.8
5 7 121.7
5 8 84.1
5 9 79.9
5 10 77.5
5 11 93.9
5 12 106.6
5 13 76.6
5 14 63.0
5 15 104.4
5 16 99.8
5 17 76.1
5 18 105.7
5 19 94.3
5 20 111.5
5 21 89.5
5 22 88.5
5 23 82.9
5 24 48.7
5 25 81.8
5 26 67.2
5 27 65.8
5 28 50.9
5 29 104.2
5 30 107.6
5 31 84.3
5 32 80.6
5 33 91.1
5 34 103.9
5 35 123.7
5 36 63.9
5 37 73.7
5 38 86.3
5 39 113.6
5 40 49.3
5 41 79.5
5 42 118.4
5 43 87.2
5 44 86.9
5 45 115.3
5 46 78.3
5 47 83.4
5 48 121.1
5 49 110.6
5 50 77.1
6 7 71.1
6 8 99.4
6 9 77.8
6 10 69.5
6 11 76.8
6 12 74.2
6 13 71.2
6 14 57.2
6 15 103.7
6 16 68.5
6 17 65.4
6 18 134.2
6 19 116.3
6 20 105.2
6 21 75.5
6 22 54.5
6 23 74.7
6 24 108.1
6 25 92.7
6 26 63.2
6 27 48.1
6 28 65.3
6 29 77.1
6 30 97.9
6 31 75.8
6 32 96.5
6 33 91.5
6 34 54.7
6 35 122.0
6 36 98.7
6 37 80.7
6 38 71.0
6 39 115.5
6 40 61.1
6 41 61.4
6 42 67.8
6 43 56.9
6 44 83.3
6 45 121.0
6 46 58.9
6 47 55.2
6 48 85.6
6 49 71.2
6 50 58.5
7 8 121.4
7 9 85.3
7 10 116.5
7 11 96.5
7 12 80.9
7 13 111.1
7 14 101.1
7 15 105.5
7 16 58.0
7 17 94.3
7 18 163.5
7 19 145.5
7 20 100.7
7 21 104.0
7 22 65.5
7 23 121.4
7 24 158.2
7 25 109.9
7 26 112.7
7 27 103.7
7 28 104.8
7 29 107.6
7 30 79.6
7 31 92.6
7 32 128.0
7 33 100.5
7 34 94.7
7 35 120.5
7 36 137.4
7 37 107.6
7 38 81.8
7 39 140.9
7 40 96.4
7 41 67.9
7 42 60.4
7 43 103.5
7 44 115.0
7 45 123.7
7 46 108.0
7 47 99.0
7 48 91.4
7 49 78.5
7 50 68.1
8 9 70.2
8 10 128.6
8 11 144.3
8 12 138.7
8 13 89.5
8 14 88.7
8 15 100.7
8 16 125.2
8 17 82.4
8 18 118.7
8 19 94.5
8 20 98.7
8 21 140.2
8 22 99.8
8 23 131.8
8 24 82.0
8 25 97.9
8 26 101.4
8 27 101.7
8 28 75.9
8 29 106.7
8 30 79.1
8 31 76.9
8 32 61.2
8 33 106.1
8 34 135.1
8 35 138.2
8 36 86.0
8 37 83.5
8 38 91.7
8 39 147.7
8 40 48.3
8 41 104.7
8 42 131.8
8 43 104.8
8 44 94.4
8 45 72.5
8 46 107.9
8 47 113.0
8 48 158.2
8 49 115.4
8 50 99.3
9 10 122.4
9 11 111.0
9 12 114.9
9 13 109.3
9 14 93.1
9 15 96.4
9 16 82.9
9 17 98.5
9 18 143.0
9 19 107.1
9 20 106.6
9 21 116.6
9 22 52.8
9 23 122.8
9 24 100.9
9 25 83.9
9 26 109.6
9 27 106.5
9 28 76.1
9 29 129.5
9 30 57.2
9 31 89.8
9 32 102.0
9 33 98.3
9 34 122.7
9 35 132.1
9 36 91.6
9 37 63.7
9 38 87.7
9 39 154.2
9 40 45.3
9 41 61.4
9 42 114.8
9 43 100.2
9 44 114.3
9 45 109.1
9 46 118.8
9 47 111.4
9 48 134.3
9 49 105.3
9 50 66.5
10 11 81.6
10 12 73.5
10 13 69.9
10 14 89.4
10 15 118.4
10 16 85.4
10 17 84.3
10 18 120.7
10 19 96.2
10 20 107.9
10 21 78.4
10 22 110.3
10 23 63.2
10 24 110.5
10 25 120.3
10 26 52.0
10 27 76.3
10 28 90.6
10 29 84.6
10 30 128.7
10 31 82.7
10 32 120.6
10 33 109.9
10 34 82.3
10 35 103.3
10 36 121.3
10 37 91.2
10 38 85.4
10 39 98.7
10 40 102.6
10 41 94.8
10 42 114.1
10 43 98.7
10 44 87.6
10 45 132.3
10 46 47.1
10 47 63.6
10 48 79.3
10 49 101.4
10 50 102.9
11 12 43.0
11 13 96.9
11 14 108.5
11 15 86.5
11 16 55.1
11 17 101.9
11 18 120.7
11 19 132.3
11 20 120.2
11 21 22.2
11 22 108.7
11 23 67.9
11 24 129.2
11 25 112.8
11 26 84.4
11 27 87.7
11 28 79.8
11 29 123.4
11 30 108.1
11 31 92.6
11 32 134.6
11 33 78.1
11 34 115.7
11 35 102.1
11 36 131.8
11 37 104.0
11 38 71.8
11 39 92.3
11 40 104.0
11 41 52.8
11 42 94.6
11 43 114.4
11 44 95.8
11 45 145.0
11 46 102.2
11 47 82.0
11 48 48.8
11 49 90.9
11 50 76.0
12 13 79.7
12 14 111.8
12 15 81.5
12 16 48.9
12 17 94.4
12 18 124.4
12 19 122.0
12 20 110.0
12 21 44.1
12 22 108.3
12 23 62.4
12 24 141.9
12 25 127.3
12 26 71.6
12 27 84.5
12 28 85.1
12 29 100.9
12 30 100.0
12 31 72.8
12 32 134.0
12 33 87.2
12 34 103.5
12 35 98.4
12 36 146.5
12 37 98.7
12 38 54.8
12 39 95.2
12 40 107.0
12 41 61.3
12 42 84.7
12 43 103.5
12 44 80.6
12 45 134.8
12 46 86.8
12 47 62.6
12 48 22.5
12 49 64.2
12 50 87.4
13 14 83.5
13 15 81.1
13 16 99.8
13 17 59.3
13 18 90.3
13 19 90.4
13 20 100.2
13 21 83.7
13 22 113.3
13 23 60.8
13 24 98.4
13 25 119.6
13 26 24.7
13 27 48.8
13 28 55.4
13 29 53.9
13 30 101.5
13 31 38.4
13 32 81.2
13 33 89.8
13 34 98.6
13 35 114.6
13 36 116.9
13 37 86.2
13 38 50.4
13 39 91.3
13 40 75.7
13 41 89.8
13 42 100.3
13 43 75.6
13 44 24.7
13 45 98.4
13 46 48.8
13 47 41.0
13 48 93.7
13 49 67.0
13 50 98.4
14 15 116.7
14 16 104.5
14 17 40.6
14 18 119.6
14 19 130.1
14 20 86.8
14 21 104.5
14 22 84.4
14 23 110.9
14 24 91.7
14 25 61.4
14 26 84.9
14 27 59.7
14 28 75.2
14 29 76.3
14 30 112.6
14 31 89.3
14 32 59.6
14 33 83.7
14 34 83.1
14 35 114.7
14 36 59.7
14 37 110.4
14 38 91.9
14 39 104.6
14 40 64.4
14 41 93.4
14 42 82.6
14 43 95.5
14 44 93.3
14 45 95.8
14 46 66.3
14 47 92.4
14 48 121.6
14 49 112.6
14 50 60.9
15 16 87.0
15 17 90.8
15 18 81.9
15 19 111.0
15 20 97.1
15 21 81.5
15 22 124.7
15 23 97.7
15 24 115.3
15 25 112.0
15 26 89.5
15 27 99.0
15 28 59.7
15 29 118.6
15 30 59.5
15 31 55.3
15 32 101.5
15 33 56.8
15 34 151.2
15 35 98.9
15 36 127.6
15 37 96.1
15 38 40.4
15 39 98.5
15 40 84.8
15 41 65.7
15 42 111.3
15 43 123.3
15 44 66.2
15 45 94.0
15 46 117.0
15 47 96.2
15 48 99.9
15 49 85.1
15 50 87.1
16 17 96.6
16 18 138.5
16 19 115.9
16 20 96.4
16 21 69.5
16 22 77.5
16 23 91.9
16 24 134.9
16 25 104.0
16 26 92.8
16 27 100.5
16 28 88.4
16 29 117.3
16 30 77.0
16 31 80.9
16 32 131.9
16 33 86.1
16 34 104.9
16 35 92.5
16 36 129.0
16 37 81.8
16 38 65.9
16 39 119.4
16 40 92.7
16 41 39.3
16 42 89.2
16 43 109.5
16 44 104.4
16 45 126.6
16 46 100.4
16 47 87.7
16 48 63.5
16 49 83.3
16 50 65.9
17 18 95.1
17 19 117.8
17 20 63.5
17 21 94.9
17 22 99.3
17 23 101.1
17 24 97.8
17 25 74.4
17 26 69.5
17 27 55.8
17 28 65.2
17 29 55.1
17 30 96.0
17 31 59.8
17 32 49.8
17 33 65.0
17 34 94.4
17 35 92.9
17 36 81.8
17 37 106.6
17 38 65.2
17 39 81.6
17 40 67.9
17 41 87.9
17 42 75.9
17 43 98.5
17 44 64.6
17 45 69.3
17 46 56.9
17 47 79.5
17 48 105.6
17 49 94.8
17 50 65.8
18 19 120.0
18 20 107.2
18 21 108.9
18 22 169.0
18 23 116.1
18 24 93.2
18 25 119.0
18 26 98.2
18 27 109.9
18 28 83.4
18 29 125.6
18 30 124.0
18 31 88.5
18 32 91.4
18 33 77.8
18 34 174.0
18 35 100.8
18 36 117.6
18 37 132.6
18 38 90.9
18 39 70.9
18 40 112.7
18 41 121.4
18 42 149.9
18 43 155.8
18 44 78.6
18 45 96.1
18 46 119.2
18 47 122.0
18 48 136.3
18 49 138.9
18 50 122.2
19 20 117.7
19 21 130.9
19 22 127.9
19 23 107.2
19 24 93.8
19 25 139.9
19 26 87.9
19 27 124.3
19 28 98.4
19 29 126.4
19 30 105.9
19 31 80.9
19 32 125.0
19 33 132.4
19 34 145.5
19 35 126.9
19 36 130.9
19 37 55.1
19 38 97.2
19 39 149.3
19 40 97.2
19 41 112.4
19 42 167.0
19 43 122.6
19 44 102.8
19 45 117.5
19 46 106.8
19 47 106.8
19 48 140.6
19 49 123.4
19 50 134.0
20 21 122.1
20 22 118.0
20 23 138.0
20 24 121.3
20 25 77.8
20 26 109.7
20 27 114.1
20 28 101.9
20 29 100.4
20 30 86.8
20 31 77.4
20 32 87.0
20 33 75.5
20 34 133.6
20 35 55.4
20 36 101.5
20 37 116.7
20 38 83.8
20 39 102.2
20 40 98.1
20 41 100.7
20 42 110.0
20 43 145.3
20 44 103.6
20 45 50.2
20 46 99.5
20 47 121.8
20 48 122.4
20 49 126.8
20 50 83.8
21 22 115.6
21 23 54.3
21 24 123.5
21 25 116.5
21 26 71.7
21 27 74.0
21 28 70.4
21 29 112.9
21 30 112.0
21 31 85.7
21 32 125.9
21 33 75.1
21 34 113.9
21 35 106.8
21 36 130.8
21 37 106.4
21 38 65.6
21 39 80.3
21 40 101.2
21 41 60.9
21 42 92.2
21 43 106.8
21 44 80.4
21 45 141.5
21 46 93.7
21 47 70.3
21 48 49.6
21 49 83.7
21 50 80.9
22 23 119.1
22 24 126.3
22 25 96.9
22 26 108.8
22 27 98.1
22 28 95.7
22 29 116.8
22 30 91.6
22 31 104.0
22 32 118.8
22 33 116.9
22 34 82.3
22 35 143.2
22 36 106.7
22 37 81.4
22 38 100.6
22 39 159.9
22 40 68.6
22 41 72.1
22 42 93.9
22 43 81.8
22 44 124.4
22 45 133.0
22 46 104.1
22 47 101.0
22 48 122.2
22 49 98.8
22 50 68.7
23 24 116.2
23 25 140.8
23 26 40.8
23 27 64.7
23 28 71.4
23 29 98.0
23 30 124.0
23 31 79.0
23 32 127.6
23 33 108.2
23 34 101.9
23 35 132.9
23 36 140.6
23 37 89.8
23 38 72.0
23 39 103.9
23 40 99.6
23 41 84.4
23 42 112.9
23 43 79.0
23 44 66.8
23 45 148.8
23 46 75.2
23 47 39.3
23 48 71.3
23 49 71.8
23 50 109.3
24 25 94.1
24 26 96.0
24 27 101.4
24 28 72.6
24 29 130.5
24 30 121.6
24 31 102.1
24 32 80.1
24 33 105.9
24 34 147.6
24 35 134.4
24 36 63.2
24 37 93.9
24 38 109.9
24 39 127.4
24 40 71.0
24 41 112.1
24 42 156.2
24 43 124.9
24 44 104.2
24 45 111.4
24 46 110.2
24 47 119.6
24 48 158.0
24 49 144.5
24 50 108.4
25 26 121.2
25 27 105.7
25 28 89.1
25 29 126.5
25 30 100.2
25 31 107.8
25 32 78.1
25 33 69.6
25 34 131.9
25 35 98.6
25 36 45.7
25 37 119.3
25 38 104.7
25 39 115.2
25 40 76.0
25 41 89.7
25 42 108.9
25 43 138.9
25 44 122.3
25 45 91.0
25 46 115.2
25 47 132.2
25 48 139.4
25 49 142.0
25 50 51.1
26 27 46.6
26 28 56.9
26 29 65.3
26 30 109.4
26 31 52.0
26 32 95.1
26 33 95.3
26 34 90.2
26 35 116.7
26 36 117.4
26 37 79.7
26 38 57.5
26 39 93.1
26 40 78.6
26 41 84.9
26 42 103.6
26 43 70.6
26 44 42.1
26 45 115.4
26 46 44.4
26 47 30.6
26 48 84.3
26 49 69.7
26 50 98.0
27 28 54.6
27 29 60.3
27 30 115.2
27 31 71.9
27 32 79.5
27 33 86.9
27 34 76.8
27 35 129.1
27 36 102.9
27 37 102.8
27 38 69.7
27 39 92.5
27 40 70.8
27 41 85.2
27 42 75.3
27 43 61.7
27 44 55.5
27 45 117.6
27 46 51.4
27 47 45.7
27 48 93.5
27 49 73.3
27 50 79.8
28 29 94.2
28 30 78.9
28 31 53.9
28 32 70.6
28 33 62.0
28 34 115.0
28 35 114.1
28 36 87.8
28 37 75.2
28 38 48.6
28 39 95.9
28 40 42.6
28 41 59.0
28 42 98.7
28 43 82.8
28 44 51.7
28 45 97.8
28 46 83.2
28 47 68.1
28 48 102.6
28 49 79.2
28 50 67.5
29 30 125.3
29 31 72.2
29 32 87.5
29 33 111.0
29 34 77.5
29 35 126.7
29 36 127.3
29 37 120.1
29 38 83.6
29 39 106.0
29 40 98.9
29 41 116.8
29 42 85.8
29 43 84.8
29 44 67.4
29 45 104.0
29 46 40.4
29 47 64.8
29 48 108.1
29 49 84.6
29 50 108.1
30 31 67.3
30 32 105.0
30 33 81.0
30 34 142.8
30 35 108.6
30 36 119.5
30 37 78.4
30 38 62.7
30 39 138.2
30 40 71.0
30 41 61.6
30 42 112.0
30 43 119.8
30 44 98.3
30 45 86.4
30 46 124.2
30 47 111.5
30 48 120.6
30 49 92.9
30 50 77.6
31 32 81.5
31 33 74.2
31 34 112.4
31 35 94.8
31 36 114.8
31 37 73.4
31 38 26.6
31 39 96.7
31 40 67.8
31 41 72.0
31 42 98.3
31 43 91.1
31 44 39.6
31 45 76.9
31 46 70.9
31 47 61.9
31 48 91.8
31 49 65.1
31 50 85.5
32 33 80.8
32 34 129.7
32 35 122.3
32 36 66.9
32 37 118.4
32 38 91.1
32 39 107.5
32 40 64.8
32 41 111.4
32 42 111.9
32 43 115.1
32 44 81.2
32 45 63.0
32 46 93.0
32 47 109.9
32 48 148.2
32 49 122.3
32 50 88.0
33 34 137.6
33 35 76.9
33 36 94.5
33 37 115.4
33 38 60.3
33 39 69.7
33 40 81.6
33 41 67.3
33 42 89.9
33 43 130.4
33 44 80.0
33 45 84.6
33 46 106.3
33 47 104.6
33 48 99.5
33 49 106.7
33 50 54.8
34 35 152.7
34 36 134.5
34 37 118.0
34 38 113.2
34 39 144.0
34 40 108.0
34 41 111.8
34 42 84.8
34 43 70.1
34 44 116.2
34 45 153.3
34 46 63.5
34 47 76.0
34 48 106.3
34 49 96.4
34 50 104.6
35 36 125.5
35 37 129.8
35 38 91.9
35 39 83.9
35 40 125.5
35 41 103.7
35 42 127.4
35 43 167.3
35 44 114.9
35 45 94.0
35 46 115.3
35 47 130.6
35 48 106.0
35 49 140.1
35 50 99.1
36 37 116.7
36 38 118.4
36 39 128.0
36 40 70.1
36 41 109.7
36 42 131.9
36 43 132.7
36 44 122.9
36 45 100.2
36 46 112.6
36 47 133.4
36 48 159.9
36 49 152.1
36 50 80.1
37 38 78.8
37 39 148.8
37 40 65.7
37 41 72.3
37 42 135.2
37 43 88.8
37 44 97.5
37 45 121.9
37 46 100.0
37 47 86.5
37 48 119.1
37 49 93.6
37 50 100.1
38 39 89.4
38 40 70.5
38 41 53.6
38 42 85.8
38 43 92.7
38 44 44.3
38 45 90.1
38 46 80.0
38 47 60.6
38 48 74.4
38 49 56.3
38 50 73.2
39 40 126.4
39 41 114.3
39 42 112.4
39 43 149.4
39 44 83.6
39 45 116.5
39 46 98.7
39 47 107.0
39 48 96.2
39 49 127.1
39 50 106.4
40 41 66.2
40 42 102.7
40 43 78.8
40 44 80.8
40 45 91.7
40 46 89.5
40 47 86.1
40 48 125.5
40 49 92.2
40 50 62.5
41 42 87.0
41 43 96.9
41 44 89.6
41 45 117.3
41 46 102.2
41 47 82.6
41 48 79.4
41 49 76.6
41 50 48.7
42 43 99.1
42 44 100.2
42 45 127.2
42 46 93.6
42 47 88.9
42 48 87.3
42 49 80.4
42 50 69.0
43 44 88.1
43 45 146.4
43 46 78.1
43 47 53.7
43 48 115.4
43 49 64.2
43 50 106.7
44 45 97.0
44 46 69.7
44 47 53.3
44 48 94.6
44 49 67.0
44 50 99.4
45 46 113.0
45 47 130.3
45 48 150.5
45 49 132.1
45 50 101.9
46 47 51.7
46 48 94.2
46 49 88.0
46 50 98.2
47 48 73.3
47 49 47.1
47 50 98.7
48 49 77.8
48 50 99.8
49 50 99.6
1 785.0 3.09 475.0
2 422.0 3.63 258.0
3 785.0 7.84 964.0
4 689.0 6.75 349.0
5 922.0 4.1 980.0
6 151.0 0.05 290.0
7 261.0 0.13 392.0
8 590.0 4.47 771.0
9 434.0 2.61 528.0
10 558.0 3.48 784.0
11 409.0 3.93 280.0
12 320.0 2.54 496.0
13 1386.0 1.6 972.0
14 965.0 7.93 524.0
15 865.0 1.23 720.0
16 582.0 5.53 306.0
17 726.0 2.95 923.0
18 329.0 0.65 180.0
19 1145.0 1.57 808.0
20 239.0 0.37 453.0
21 883.0 0.32 850.0
22 531.0 0.08 475.0
23 785.0 0.81 472.0
24 313.0 1.2 541.0
25 390.0 0.38 226.0
26 1302.0 4.89 894.0
27 205.0 0.98 182.0
28 1172.0 4.4 692.0
29 189.0 1.5 169.0
30 1094.0 9.9 783.0
31 659.0 5.77 679.0
32 1637.0 9.25 995.0
33 44.0 0.29 40.0
34 780.0 3.18 642.0
35 433.0 0.61 343.0
36 292.0 1.41 372.0
37 558.0 0.51 284.0
38 65.0 0.45 87.0
39 262.0 1.84 142.0
40 200.0 0.97 163.0
41 1206.0 11.72 870.0
42 578.0 4.5 421.0
43 1063.0 9.61 658.0
44 791.0 4.65 841.0
45 479.0 3.88 296.0
46 681.0 3.46 730.0
47 203.0 1.63 146.0
48 755.0 7.25 571.0
49 536.0 2.67 909.0
50 504.0 3.65 305.0
9345 13867 7869
