50
1 2 24.7
1 3 106.5
1 4 96.3
1 5 85.2
1 6 73.1
1 7 47.7
1 8 78.9
1 9 50.6
1 10 51.5
1 11 18.2
1 12 98.4
1 13 100.5
1 14 48.7
1 15 75.4
1 16 49.6
1 17 106.0
1 18 41.8
1 19 67.9
1 20 38.4
1 21 76.9
1 22 80.4
1 23 54.3
1 24 67.4
1 25 50.7
1 26 85.0
1 27 91.1
1 28 86.4
1 29 73.9
1 30 56.9
1 31 35.3
1 32 58.1
1 33 73.8
1 34 61.9
1 35 27.1
1 36 69.0
1 37 57.4
1 38 84.5
1 39 70.9
1 40 65.1
1 41 72.0
1 42 49.6
1 43 53.9
1 44 22.7
1 45 61.8
1 46 35.7
1 47 86.9
1 48 29.5
1 49 28.1
1 50 55.8
2 3 81.9
2 4 76.3
2 5 60.6
2 6 59.7
2 7 29.0
2 8 54.7
2 9 35.0
2 10 39.9
2 11 16.3
2 12 73.8
2 13 75.8
2 14 43.3
2 15 61.1
2 16 33.2
2 17 81.6
2 18 40.0
2 19 45.1
2 20 42.9
2 21 53.3
2 22 55.7
2 23 37.5
2 24 58.5
2 25 43.3
2 26 60.5
2 27 68.1
2 28 67.1
2 29 49.9
2 30 33.2
2 31 38.6
2 32 35.2
2 33 54.9
2 34 55.4
2 35 30.8
2 36 46.7
2 37 49.8
2 38 60.4
2 39 47.6
2 40 45.3
2 41 52.5
2 42 31.2
2 43 40.7
2 44 30.2
2 45 50.7
2 46 24.2
2 47 73.3
2 48 34.9
2 49 16.0
2 50 31.2
3 4 53.6
3 5 22.5
3 6 78.0
3 7 70.1
3 8 30.4
3 9 73.1
3 10 83.6
3 11 93.2
3 12 11.0
3 13 6.0
3 14 93.5
3 15 75.5
3 16 74.0
3 17 16.6
3 18 98.1
3 19 45.6
3 20 107.6
3 21 35.6
3 22 26.2
3 23 69.6
3 24 93.3
3 25 92.1
3 26 22.5
3 27 32.0
3 28 56.2
3 29 37.8
3 30 52.7
3 31 104.1
3 32 52.9
3 33 61.8
3 34 94.7
3 35 101.2
3 36 49.7
3 37 90.8
3 38 29.4
3 39 43.9
3 40 57.6
3 41 59.9
3 42 69.9
3 43 80.3
3 44 104.1
3 45 85.8
3 46 84.5
3 47 80.9
3 48 104.6
3 49 85.3
3 50 51.0
4 5 54.9
4 6 33.9
4 7 84.4
4 8 37.8
4 9 46.5
4 10 101.4
4 11 78.4
4 12 57.4
4 13 51.7
4 14 60.2
4 15 30.5
4 16 90.3
4 17 68.2
4 18 67.7
4 19 34.3
4 20 78.2
4 21 32.7
4 22 50.3
4 23 42.5
4 24 117.7
4 25 108.8
4 26 42.2
4 27 23.0
4 28 10.2
4 29 65.1
4 30 67.3
4 31 76.4
4 32 42.7
4 33 92.8
4 34 54.5
4 35 78.0
4 36 76.5
4 37 53.2
4 38 65.6
4 39 70.7
4 40 31.3
4 41 89.8
4 42 85.6
4 43 99.5
4 44 82.8
4 45 108.6
4 46 93.0
4 47 30.2
4 48 79.7
4 49 88.6
4 50 59.0
5 6 69.7
5 7 47.7
5 8 18.7
5 9 58.3
5 10 61.7
5 11 73.2
5 12 13.2
5 13 16.7
5 14 78.9
5 15 67.9
5 16 51.7
5 17 22.1
5 18 82.1
5 19 32.5
5 20 90.8
5 21 25.3
5 22 6.5
5 23 55.5
5 24 72.9
5 25 70.2
5 26 12.7
5 27 32.3
5 28 53.2
5 29 15.8
5 30 30.2
5 31 87.0
5 32 36.5
5 33 42.6
5 34 82.8
5 35 82.8
5 36 28.4
5 37 78.0
5 38 10.9
5 39 22.2
5 40 46.0
5 41 40.2
5 42 47.6
5 43 58.6
5 44 85.2
5 45 64.8
5 46 61.9
5 47 76.2
5 48 86.6
5 49 63.0
5 50 29.4
6 7 78.8
6 8 51.3
6 9 24.7
6 10 94.7
6 11 55.1
6 12 77.6
6 13 74.1
6 14 28.6
6 15 3.4
6 16 84.7
6 17 89.0
6 18 36.8
6 19 37.7
6 20 46.7
6 21 44.7
6 22 63.3
6 23 22.9
6 24 113.1
6 25 100.4
6 26 59.0
6 27 46.9
6 28 25.1
6 29 73.0
6 30 66.8
6 31 45.8
6 32 38.5
6 33 96.0
6 34 20.7
6 35 49.7
6 36 80.6
6 37 20.3
6 38 78.1
6 39 76.5
6 40 24.4
6 41 92.9
6 42 80.6
6 43 94.1
6 44 54.9
6 45 104.2
6 46 81.9
6 47 13.8
6 48 50.3
6 49 75.1
6 50 57.7
7 8 51.5
7 9 55.4
7 10 16.9
7 11 45.2
7 12 59.9
7 13 64.4
7 14 69.6
7 15 79.1
7 16 6.0
7 17 64.4
7 18 67.8
7 19 50.1
7 20 71.8
7 21 53.7
7 22 45.6
7 23 56.1
7 24 34.5
7 25 24.5
7 26 53.7
7 27 68.6
7 28 77.3
7 29 32.6
7 30 18.7
7 31 67.4
7 32 43.0
7 33 26.4
7 34 80.2
7 35 59.8
7 36 23.2
7 37 74.4
7 38 42.6
7 39 27.2
7 40 57.6
7 41 24.3
7 42 2.2
7 43 15.5
7 44 59.1
7 45 25.5
7 46 15.1
7 47 91.0
7 48 63.9
7 49 19.9
7 50 25.6
8 9 42.8
8 10 67.8
8 11 64.1
8 12 26.9
8 13 25.1
8 14 63.4
8 15 49.4
8 16 56.8
8 17 38.1
8 18 67.8
8 19 15.4
8 20 77.2
8 21 6.6
8 22 12.9
8 23 39.5
8 24 82.3
8 25 75.9
8 26 8.2
8 27 17.5
8 28 34.9
8 29 27.4
8 30 32.9
8 31 73.8
8 32 22.7
8 33 55.3
8 34 65.7
8 35 71.1
8 36 39.2
8 37 61.3
8 38 28.5
8 39 33.2
8 40 28.4
8 41 52.4
8 42 52.1
8 43 65.3
8 44 74.2
8 45 73.4
8 46 63.3
8 47 57.6
8 48 74.4
8 49 61.7
8 50 26.8
9 10 70.8
9 11 32.4
9 12 69.2
9 13 67.9
9 14 20.7
9 15 26.2
9 16 61.2
9 17 80.0
9 18 25.2
9 19 27.5
9 20 35.2
9 21 37.6
9 22 51.8
9 23 4.2
9 24 89.4
9 25 76.1
9 26 51.0
9 27 47.5
9 28 36.4
9 29 56.6
9 30 46.3
9 31 32.2
9 32 21.9
9 33 75.4
9 34 26.3
9 35 32.0
9 36 61.3
9 37 20.8
9 38 64.1
9 39 58.4
9 40 17.4
9 41 72.4
9 42 57.4
9 43 70.4
9 44 36.5
9 45 80.6
9 46 57.4
9 47 38.3
9 48 34.3
9 49 50.3
9 50 37.9
10 11 54.7
10 12 72.9
10 13 78.1
10 14 82.9
10 15 95.3
10 16 11.1
10 17 75.5
10 18 79.9
10 19 67.1
10 20 82.2
10 21 70.3
10 22 60.6
10 23 71.9
10 24 18.8
10 25 8.5
10 26 69.2
10 27 85.1
10 28 94.3
10 29 45.9
10 30 34.9
10 31 78.0
10 32 59.8
10 33 28.1
10 34 94.3
10 35 69.7
10 36 34.0
10 37 88.6
10 38 54.6
10 39 39.7
10 40 74.3
10 41 27.9
10 42 15.8
10 43 3.7
10 44 67.9
10 45 10.8
10 46 16.6
10 47 107.3
10 48 73.6
10 49 25.3
10 50 42.5
11 12 86.2
11 13 87.3
11 14 32.4
11 15 57.3
11 16 49.0
11 17 95.0
11 18 26.9
11 19 51.7
11 20 27.5
11 21 61.2
11 22 67.7
11 23 36.2
11 24 72.8
11 25 56.7
11 26 71.0
11 27 74.8
11 28 68.4
11 29 64.4
11 30 48.2
11 31 23.4
11 32 42.1
11 33 71.1
11 34 45.5
11 35 15.0
11 36 62.4
11 37 40.5
11 38 74.6
11 39 62.8
11 40 47.5
11 41 68.7
11 42 47.3
11 43 56.0
11 44 14.0
11 45 65.5
11 46 38.3
11 47 68.9
11 48 19.0
11 49 29.5
11 50 44.5
12 13 7.0
12 14 89.9
12 15 75.5
12 16 63.5
12 17 11.4
12 18 93.7
12 19 42.2
12 20 102.8
12 21 33.2
12 22 18.5
12 23 66.1
12 24 82.4
12 25 81.4
12 26 18.8
12 27 34.5
12 28 58.0
12 29 27.4
12 30 43.1
12 31 99.0
12 32 47.9
12 33 50.9
12 34 92.6
12 35 95.3
12 36 38.9
12 37 88.2
12 38 18.4
12 39 33.2
12 40 55.3
12 41 48.9
12 42 59.6
12 43 69.6
12 44 97.9
12 45 74.8
12 46 74.5
12 47 82.4
12 48 99.0
12 49 75.9
12 50 42.6
13 14 88.4
13 15 71.8
13 16 68.3
13 17 16.5
13 18 92.8
13 19 40.4
13 20 102.2
13 21 30.7
13 22 20.2
13 23 64.5
13 24 88.4
13 25 86.6
13 26 17.0
13 27 29.2
13 28 53.3
13 29 32.2
13 30 46.7
13 31 98.6
13 32 47.4
13 33 57.2
13 34 90.2
13 35 95.5
13 36 44.4
13 37 86.0
13 38 24.4
13 39 38.4
13 40 52.9
13 41 55.1
13 42 64.2
13 43 74.9
13 44 98.4
13 45 80.6
13 46 78.6
13 47 77.9
13 48 99.0
13 49 79.3
13 50 44.9
14 15 31.7
14 16 74.8
14 17 100.6
14 18 8.3
14 19 48.0
14 20 18.2
14 21 57.9
14 22 72.4
14 23 23.9
14 24 101.6
14 25 86.6
14 26 71.5
14 27 66.3
14 28 50.2
14 29 76.3
14 30 64.3
14 31 17.3
14 32 42.4
14 33 92.4
14 34 13.3
14 35 22.5
14 36 79.6
14 37 9.1
14 38 84.4
14 39 77.4
14 40 36.4
14 41 89.5
14 42 71.7
14 43 83.3
14 44 27.7
14 45 93.5
14 46 67.5
14 47 41.0
14 48 22.2
14 49 59.1
14 50 56.6
15 16 85.1
15 17 86.9
15 18 39.9
15 19 36.3
15 20 49.9
15 21 42.8
15 22 61.7
15 23 23.9
15 24 113.6
15 25 101.2
15 26 57.0
15 27 44.1
15 28 21.8
15 29 71.9
15 30 66.5
15 31 48.9
15 32 38.0
15 33 95.6
15 34 24.1
15 35 52.5
15 36 80.0
15 37 23.6
15 38 76.7
15 39 75.6
15 40 23.5
15 41 92.4
15 42 80.9
15 43 94.5
15 44 57.7
15 45 104.6
15 46 82.9
15 47 12.2
15 48 53.3
15 49 76.3
15 50 57.3
16 17 67.1
16 18 72.6
16 19 56.0
16 20 76.1
16 21 59.3
16 22 50.2
16 23 62.0
16 24 28.5
16 25 19.1
16 26 58.5
16 27 74.1
16 28 83.3
16 29 36.2
16 30 23.9
16 31 71.8
16 32 49.0
16 33 24.6
16 34 85.7
16 35 63.9
16 36 25.3
16 37 79.9
16 38 45.6
16 39 30.3
16 40 63.6
16 41 23.1
16 42 4.7
16 43 9.5
16 44 62.8
16 45 19.5
16 46 14.6
16 47 97.0
16 48 67.9
16 49 21.5
16 50 31.4
17 18 104.2
17 19 53.3
17 20 112.9
17 21 44.5
17 22 28.4
17 23 77.0
17 24 82.5
17 25 83.8
17 26 30.1
17 27 45.5
17 28 69.3
17 29 32.6
17 30 49.4
17 31 109.1
17 32 58.4
17 33 50.6
17 34 103.8
17 35 105.0
17 36 41.8
17 37 99.3
17 38 22.0
17 39 37.2
17 40 66.5
17 41 49.3
17 42 63.7
17 43 72.0
17 44 107.2
17 45 75.8
17 46 79.5
17 47 93.7
17 48 108.7
17 49 82.0
17 50 50.7
18 19 52.6
18 20 10.5
18 21 62.7
18 22 75.8
18 23 29.0
18 24 98.4
18 25 82.9
18 26 75.8
18 27 72.3
18 28 57.7
18 29 78.0
18 30 64.7
18 31 9.0
18 32 45.8
18 33 91.8
18 34 20.6
18 35 14.9
18 36 80.0
18 37 17.3
18 38 86.8
18 39 78.5
18 40 42.1
18 41 89.1
18 42 70.0
18 43 80.7
18 44 20.0
18 45 90.6
18 46 63.9
18 47 49.3
18 48 14.1
18 49 55.3
18 50 57.8
19 20 62.2
19 21 10.2
19 22 26.0
19 23 24.1
19 24 83.7
19 25 74.4
19 26 23.6
19 27 23.2
19 28 27.5
19 29 35.8
19 30 33.6
19 31 58.9
19 32 9.9
19 33 61.1
19 34 50.5
19 35 56.9
19 36 45.0
19 37 46.0
19 38 40.5
19 39 40.0
19 40 13.6
19 41 58.0
19 42 51.4
19 43 65.3
19 44 60.5
19 45 74.6
19 46 59.0
19 47 46.1
19 48 60.0
19 49 55.4
19 50 24.8
20 21 72.4
20 22 84.5
20 23 39.1
20 24 100.3
20 25 84.2
20 26 85.2
20 27 82.6
20 28 68.1
20 29 85.5
20 30 71.1
20 31 4.3
20 32 54.9
20 33 96.9
20 34 28.7
20 35 12.6
20 36 86.3
20 37 26.6
20 38 94.7
20 39 85.4
20 40 52.3
20 41 94.3
20 42 73.9
20 43 83.4
20 44 15.8
20 45 93.0
20 46 65.8
20 47 58.6
20 48 9.1
20 49 57.0
20 50 65.0
21 22 19.3
21 23 34.0
21 24 85.7
21 25 78.2
21 26 14.4
21 27 15.3
21 28 28.8
21 29 32.7
21 30 35.6
21 31 69.1
21 32 19.1
21 33 60.1
21 34 59.6
21 35 67.0
21 36 43.9
21 37 55.3
21 38 34.8
21 39 38.1
21 40 22.2
21 41 57.2
21 42 54.6
21 43 68.1
21 44 70.5
21 45 76.8
21 46 64.4
21 47 51.0
21 48 70.1
21 49 61.9
21 50 28.2
22 23 49.0
22 24 73.3
22 25 69.0
22 26 9.2
22 27 28.4
22 28 47.8
22 29 16.2
22 30 27.3
22 31 80.8
22 32 30.0
22 33 44.4
22 34 76.3
22 35 76.9
22 36 29.0
22 37 71.5
22 38 15.5
22 39 22.6
22 40 39.6
22 41 41.7
22 42 45.8
22 43 57.8
22 44 79.3
22 45 64.8
22 46 59.2
22 47 70.3
22 48 80.5
22 49 59.4
22 50 24.8
23 24 90.3
23 25 77.5
23 26 47.7
23 27 43.4
23 28 32.4
23 29 54.8
23 30 45.7
23 31 36.3
23 32 19.5
23 33 74.9
23 34 27.9
23 35 36.2
23 36 60.4
23 37 22.7
23 38 61.9
23 39 57.1
23 40 13.2
23 41 71.9
23 42 58.0
23 43 71.3
23 44 40.7
23 45 81.5
23 46 59.1
23 47 36.1
23 48 38.5
23 49 52.4
23 50 36.9
24 25 16.6
24 26 82.3
24 27 99.8
24 28 111.2
24 29 57.4
24 30 50.3
24 31 96.2
24 32 77.2
24 33 31.9
24 34 113.1
24 35 87.7
24 36 44.5
24 37 107.3
24 38 64.0
24 39 50.8
24 40 92.0
24 41 33.5
24 42 32.8
24 43 19.0
24 44 85.6
24 45 9.1
24 46 34.6
24 47 125.5
24 48 91.5
24 49 43.3
24 50 58.9
25 26 77.5
25 27 93.1
25 28 101.4
25 29 54.4
25 30 43.0
25 31 80.1
25 32 66.7
25 33 35.4
25 34 98.6
25 35 71.6
25 36 42.5
25 37 92.9
25 38 63.1
25 39 48.2
25 40 80.9
25 41 35.6
25 42 23.7
25 43 11.8
25 44 69.2
25 45 12.6
25 46 19.1
25 47 113.3
25 48 75.3
25 49 27.5
25 50 50.1
26 27 19.7
26 28 40.9
26 29 25.4
26 30 35.0
26 31 81.7
26 32 30.4
26 33 53.5
26 34 73.9
26 35 78.7
26 36 38.1
26 37 69.5
26 38 23.5
26 39 31.8
26 40 36.5
26 41 50.8
26 42 54.0
26 43 66.4
26 44 81.7
26 45 73.8
26 46 66.7
26 47 64.5
26 48 82.1
26 49 66.0
26 50 30.8
27 28 24.2
27 29 44.2
27 30 50.2
27 31 79.7
27 32 33.1
27 33 72.4
27 34 65.1
27 35 78.8
27 36 56.5
27 37 61.9
27 38 43.2
27 39 50.4
27 40 30.2
27 41 69.6
27 42 69.4
27 43 82.7
27 44 82.8
27 45 90.9
27 46 79.7
27 47 49.0
27 48 81.5
27 49 77.2
27 50 43.3
28 29 61.3
28 30 61.1
28 31 66.2
28 32 34.6
28 33 88.1
28 34 45.3
28 35 67.8
28 36 71.8
28 37 43.6
28 38 63.4
28 39 66.4
28 40 21.9
28 41 85.0
28 42 78.7
28 43 92.7
28 44 72.6
28 45 102.1
28 46 84.9
28 47 24.8
28 48 69.5
28 49 80.0
28 50 52.3
29 30 17.0
29 31 81.4
29 32 35.4
29 33 28.2
29 34 82.6
29 35 76.0
29 36 12.9
29 37 77.3
29 38 10.6
29 39 6.5
29 40 48.6
29 41 25.5
29 42 32.2
29 43 42.8
29 44 77.4
29 45 49.1
29 46 47.3
29 47 81.9
29 48 79.9
29 49 49.4
29 50 20.5
30 31 66.9
30 32 28.6
30 33 29.3
30 34 72.6
30 35 60.7
30 36 15.4
30 37 66.9
30 38 27.6
30 39 14.6
30 40 43.5
30 41 26.2
30 42 19.3
30 43 32.6
30 44 61.7
30 45 41.3
30 46 32.0
30 47 77.8
30 48 64.8
30 49 32.9
30 50 9.2
31 32 51.3
31 33 92.6
31 34 29.1
31 35 8.7
31 36 82.0
31 37 26.2
31 38 90.7
31 39 81.2
31 40 49.5
31 41 90.0
31 42 69.6
31 43 79.2
31 44 12.7
31 45 88.8
31 46 61.6
31 47 58.3
31 48 5.9
31 49 52.8
31 50 60.9
32 33 57.5
32 34 47.4
32 35 48.4
32 36 42.1
32 37 42.2
32 38 42.4
32 39 38.2
32 40 15.0
32 41 54.4
32 42 44.5
32 43 58.4
32 44 51.6
32 45 68.1
32 46 50.4
32 47 49.2
32 48 51.7
32 49 46.1
32 50 19.4
33 34 101.5
33 35 85.3
33 36 16.3
33 37 95.8
33 38 32.8
33 39 22.1
33 40 72.3
33 41 3.1
33 42 24.4
33 43 24.4
33 44 85.1
33 45 25.5
33 46 39.1
33 47 106.6
33 48 89.5
33 49 45.8
33 50 38.3
34 35 35.4
34 36 87.6
34 37 5.8
34 38 89.7
34 39 84.7
34 40 37.4
34 41 98.5
34 42 82.2
34 43 94.5
34 44 40.6
34 45 104.7
34 46 79.4
34 47 30.5
34 48 34.6
34 49 71.4
34 50 64.2
35 36 75.6
35 37 31.6
35 38 85.7
35 39 75.2
35 40 49.2
35 41 82.8
35 42 62.0
35 43 71.0
35 44 5.3
35 45 80.5
35 46 53.2
35 47 62.9
35 48 4.1
35 49 44.5
35 50 55.5
36 37 82.0
36 38 20.6
36 39 6.3
36 40 56.6
36 41 13.3
36 42 22.2
36 43 30.7
36 44 76.2
36 45 36.4
36 46 38.3
36 47 90.7
36 48 79.7
36 49 42.2
36 50 23.5
37 38 84.6
37 39 79.2
37 40 33.2
37 41 92.8
37 42 76.4
37 43 88.7
37 44 36.8
37 45 98.9
37 46 73.8
37 47 32.1
37 48 31.3
37 49 65.7
37 50 58.6
38 39 15.3
38 40 53.9
38 41 30.7
38 42 42.0
38 43 51.3
38 44 87.4
38 45 56.4
38 46 57.5
38 47 85.7
38 48 89.6
38 49 60.0
38 50 30.2
39 40 52.2
39 41 19.3
39 42 26.6
39 43 36.5
39 44 76.3
39 45 42.6
39 46 42.3
39 47 86.0
39 48 79.3
39 49 45.2
39 50 20.8
40 41 69.2
40 42 59.2
40 43 73.1
40 44 53.5
40 45 82.9
40 46 63.7
40 47 34.3
40 48 51.6
40 49 58.4
40 50 34.3
41 42 22.4
41 43 24.2
41 44 82.7
41 45 26.5
41 46 37.7
41 47 103.4
41 48 87.0
41 49 44.0
41 50 35.2
42 43 14.0
42 44 61.3
42 45 23.7
42 46 16.2
42 47 92.8
42 48 66.1
42 49 21.6
42 50 26.7
43 44 69.4
43 45 10.2
43 46 18.4
43 47 106.5
43 48 75.0
43 49 26.9
43 50 40.6
44 45 78.7
44 46 51.4
44 47 68.1
44 48 6.8
44 49 42.6
44 50 57.2
45 46 27.4
45 47 116.5
45 48 84.5
45 49 36.1
45 50 49.8
46 47 95.1
46 48 57.1
46 49 8.8
46 50 36.5
47 48 63.1
47 49 88.5
47 50 68.6
48 49 48.3
48 50 59.5
49 50 35.3
1 513.0 0.69 615.0
2 100.0 0.42 101.0
3 353.0 1.6 269.0
4 1683.0 6.73 1000.0
5 671.0 6.59 358.0
6 357.0 3.45 463.0
7 1103.0 7.31 781.0
8 28.0 0.24 15.0
9 555.0 3.75 938.0
10 1512.0 1.94 934.0
11 1349.0 12.29 960.0
12 1060.0 0.89 584.0
13 1237.0 9.05 734.0
14 89.0 0.13 67.0
15 1305.0 3.71 976.0
16 475.0 3.38 260.0
17 119.0 0.31 146.0
18 867.0 4.45 797.0
19 1123.0 2.45 895.0
20 713.0 5.47 561.0
21 1293.0 3.42 747.0
22 155.0 0.08 298.0
23 1375.0 8.33 753.0
24 69.0 0.2 35.0
25 866.0 4.94 593.0
26 568.0 4.23 608.0
27 817.0 7.1 861.0
28 1086.0 3.34 843.0
29 865.0 5.9 524.0
30 763.0 7.52 570.0
31 219.0 0.43 144.0
32 329.0 2.45 490.0
33 17.0 0.03 22.0
34 731.0 4.7 413.0
35 887.0 6.31 490.0
36 248.0 1.38 379.0
37 272.0 0.63 227.0
38 523.0 3.07 270.0
39 434.0 3.86 393.0
40 99.0 0.32 165.0
41 520.0 2.29 555.0
42 1268.0 7.0 705.0
43 76.0 0.43 100.0
44 267.0 1.27 288.0
45 133.0 0.2 123.0
46 224.0 1.72 428.0
47 467.0 3.37 547.0
48 469.0 2.57 620.0
49 314.0 0.85 224.0
50 1206.0 5.75 793.0
9531 13857 4932
