50
1 2 171.4
1 3 147.4
1 4 141.3
1 5 163.5
1 6 142.5
1 7 177.5
1 8 144.8
1 9 176.4
1 10 163.3
1 11 166.5
1 12 168.0
1 13 166.6
1 14 146.6
1 15 158.5
1 16 148.1
1 17 163.0
1 18 137.0
1 19 184.9
1 20 133.4
1 21 159.7
1 22 129.2
1 23 163.7
1 24 171.1
1 25 148.0
1 26 167.4
1 27 154.2
1 28 177.8
1 29 151.5
1 30 164.0
1 31 169.6
1 32 162.2
1 33 196.0
1 34 180.0
1 35 175.2
1 36 175.3
1 37 153.4
1 38 131.7
1 39 139.3
1 40 159.2
1 41 197.9
1 42 172.9
1 43 150.2
1 44 154.9
1 45 168.4
1 46 173.0
1 47 176.8
1 48 158.3
1 49 159.1
1 50 171.9
2 3 141.5
2 4 185.3
2 5 187.8
2 6 182.3
2 7 165.5
2 8 154.5
2 9 206.9
2 10 176.7
2 11 144.3
2 12 181.6
2 13 185.5
2 14 155.6
2 15 177.6
2 16 188.5
2 17 191.3
2 18 182.7
2 19 205.9
2 20 194.5
2 21 142.7
2 22 167.7
2 23 195.7
2 24 192.8
2 25 177.3
2 26 157.5
2 27 181.8
2 28 130.3
2 29 196.7
2 30 157.3
2 31 187.4
2 32 144.6
2 33 178.7
2 34 157.5
2 35 179.4
2 36 174.1
2 37 200.4
2 38 127.2
2 39 152.7
2 40 140.2
2 41 154.0
2 42 171.6
2 43 174.0
2 44 187.7
2 45 166.0
2 46 152.6
2 47 143.1
2 48 149.9
2 49 176.1
2 50 167.3
3 4 183.1
3 5 135.7
3 6 156.3
3 7 141.8
3 8 190.1
3 9 190.1
3 10 185.2
3 11 125.9
3 12 162.1
3 13 163.5
3 14 136.3
3 15 146.5
3 16 160.2
3 17 156.7
3 18 125.5
3 19 168.6
3 20 175.5
3 21 175.7
3 22 159.7
3 23 193.7
3 24 179.9
3 25 178.5
3 26 175.8
3 27 165.4
3 28 122.9
3 29 159.7
3 30 130.9
3 31 186.4
3 32 150.3
3 33 187.8
3 34 149.9
3 35 142.3
3 36 140.9
3 37 176.6
3 38 154.5
3 39 159.9
3 40 142.6
3 41 161.1
3 42 153.0
3 43 155.4
3 44 180.8
3 45 143.4
3 46 144.4
3 47 192.4
3 48 137.4
3 49 179.6
3 50 161.7
4 5 220.8
4 6 178.5
4 7 166.2
4 8 166.8
4 9 178.4
4 10 205.3
4 11 161.1
4 12 206.8
4 13 197.9
4 14 170.7
4 15 167.5
4 16 177.2
4 17 155.3
4 18 176.4
4 19 201.3
4 20 165.9
4 21 176.8
4 22 169.6
4 23 210.5
4 24 217.3
4 25 208.3
4 26 153.8
4 27 197.0
4 28 192.6
4 29 207.6
4 30 181.0
4 31 190.1
4 32 218.1
4 33 220.9
4 34 169.3
4 35 160.9
4 36 182.2
4 37 191.4
4 38 155.8
4 39 123.7
4 40 182.6
4 41 218.3
4 42 186.9
4 43 147.3
4 44 170.1
4 45 208.2
4 46 175.8
4 47 183.4
4 48 158.5
4 49 174.1
4 50 178.1
5 6 202.3
5 7 195.8
5 8 237.1
5 9 209.2
5 10 184.1
5 11 169.5
5 12 154.4
5 13 168.7
5 14 133.7
5 15 174.2
5 16 167.5
5 17 156.7
5 18 161.2
5 19 168.1
5 20 177.0
5 21 175.7
5 22 158.3
5 23 180.5
5 24 155.7
5 25 160.0
5 26 143.2
5 27 158.9
5 28 146.0
5 29 171.3
5 30 144.3
5 31 190.0
5 32 169.8
5 33 194.1
5 34 178.1
5 35 149.2
5 36 189.6
5 37 202.6
5 38 168.8
5 39 180.1
5 40 156.8
5 41 175.5
5 42 189.3
5 43 172.5
5 44 181.0
5 45 114.3
5 46 164.6
5 47 178.1
5 48 160.6
5 49 205.4
5 50 174.3
6 7 182.2
6 8 159.4
6 9 217.9
6 10 176.0
6 11 142.9
6 12 220.0
6 13 189.5
6 14 175.6
6 15 171.1
6 16 178.7
6 17 175.7
6 18 161.4
6 19 207.0
6 20 174.2
6 21 159.4
6 22 165.9
6 23 188.7
6 24 227.0
6 25 137.9
6 26 202.4
6 27 199.4
6 28 195.5
6 29 187.8
6 30 190.0
6 31 202.9
6 32 135.5
6 33 251.5
6 34 172.5
6 35 194.9
6 36 174.3
6 37 157.8
6 38 169.6
6 39 161.5
6 40 180.3
6 41 209.3
6 42 169.0
6 43 205.4
6 44 167.4
6 45 186.3
6 46 174.2
6 47 210.7
6 48 168.1
6 49 171.8
6 50 207.9
7 8 160.7
7 9 159.4
7 10 205.1
7 11 117.5
7 12 185.1
7 13 149.9
7 14 173.2
7 15 152.7
7 16 122.9
7 17 148.7
7 18 153.0
7 19 184.2
7 20 214.6
7 21 185.6
7 22 148.6
7 23 176.0
7 24 202.5
7 25 209.2
7 26 173.5
7 27 172.2
7 28 152.7
7 29 169.3
7 30 158.1
7 31 168.6
7 32 191.6
7 33 174.1
7 34 147.3
7 35 157.8
7 36 116.5
7 37 162.8
7 38 172.6
7 39 170.3
7 40 194.0
7 41 195.2
7 42 156.7
7 43 149.2
7 44 188.9
7 45 185.9
7 46 184.5
7 47 178.9
7 48 170.4
7 49 177.5
7 50 180.5
8 9 174.0
8 10 185.4
8 11 158.7
8 12 218.0
8 13 156.1
8 14 183.3
8 15 185.7
8 16 159.9
8 17 181.2
8 18 187.5
8 19 201.2
8 20 203.9
8 21 162.2
8 22 183.9
8 23 168.9
8 24 190.8
8 25 191.4
8 26 188.0
8 27 187.2
8 28 207.8
8 29 194.8
8 30 202.8
8 31 198.6
8 32 193.0
8 33 196.8
8 34 190.5
8 35 218.3
8 36 176.3
8 37 168.0
8 38 162.6
8 39 168.4
8 40 181.2
8 41 230.8
8 42 174.0
8 43 155.4
8 44 203.3
8 45 218.9
8 46 199.6
8 47 189.3
8 48 175.9
8 49 157.9
8 50 189.3
9 10 176.0
9 11 183.8
9 12 216.9
9 13 131.1
9 14 172.6
9 15 161.2
9 16 161.0
9 17 178.0
9 18 137.5
9 19 211.0
9 20 203.3
9 21 204.0
9 22 177.6
9 23 204.4
9 24 158.0
9 25 204.7
9 26 187.0
9 27 202.4
9 28 197.2
9 29 230.5
9 30 194.7
9 31 150.8
9 32 207.5
9 33 234.3
9 34 175.9
9 35 175.9
9 36 197.2
9 37 162.8
9 38 180.6
9 39 179.8
9 40 211.6
9 41 233.0
9 42 137.8
9 43 105.9
9 44 217.5
9 45 196.6
9 46 238.9
9 47 215.0
9 48 187.5
9 49 173.5
9 50 192.2
10 11 174.6
10 12 220.9
10 13 147.4
10 14 149.7
10 15 185.0
10 16 165.6
10 17 216.8
10 18 161.9
10 19 178.5
10 20 170.6
10 21 156.7
10 22 166.2
10 23 135.5
10 24 156.9
10 25 134.6
10 26 183.5
10 27 117.6
10 28 185.1
10 29 183.5
10 30 167.9
10 31 174.2
10 32 144.1
10 33 237.0
10 34 184.3
10 35 202.3
10 36 175.0
10 37 188.3
10 38 141.5
10 39 186.1
10 40 149.5
10 41 157.5
10 42 181.6
10 43 159.1
10 44 192.2
10 45 149.2
10 46 189.5
10 47 174.0
10 48 205.3
10 49 160.3
10 50 181.2
11 12 173.7
11 13 151.2
11 14 162.3
11 15 158.3
11 16 151.0
11 17 117.5
11 18 156.6
11 19 190.9
11 20 208.8
11 21 169.1
11 22 144.8
11 23 167.2
11 24 210.2
11 25 180.7
11 26 167.9
11 27 160.1
11 28 153.9
11 29 175.3
11 30 145.7
11 31 186.9
11 32 173.9
11 33 202.4
11 34 160.3
11 35 167.1
11 36 135.9
11 37 178.6
11 38 167.6
11 39 131.5
11 40 173.1
11 41 179.9
11 42 178.2
11 43 151.7
11 44 189.7
11 45 161.3
11 46 164.7
11 47 176.8
11 48 166.6
11 49 187.6
11 50 188.0
12 13 178.7
12 14 159.1
12 15 189.2
12 16 169.6
12 17 190.0
12 18 158.8
12 19 216.8
12 20 233.9
12 21 215.6
12 22 148.0
12 23 188.1
12 24 209.3
12 25 197.2
12 26 168.9
12 27 197.2
12 28 157.6
12 29 168.8
12 30 169.5
12 31 195.1
12 32 186.4
12 33 190.9
12 34 192.0
12 35 173.2
12 36 186.4
12 37 231.5
12 38 202.5
12 39 175.1
12 40 191.1
12 41 199.3
12 42 210.3
12 43 168.3
12 44 229.8
12 45 199.0
12 46 178.2
12 47 177.6
12 48 175.7
12 49 212.7
12 50 217.6
13 14 138.8
13 15 130.2
13 16 125.6
13 17 164.3
13 18 127.4
13 19 178.5
13 20 217.9
13 21 197.4
13 22 166.9
13 23 137.4
13 24 119.4
13 25 177.4
13 26 155.3
13 27 155.8
13 28 161.9
13 29 175.2
13 30 191.5
13 31 146.0
13 32 169.3
13 33 200.2
13 34 171.7
13 35 162.5
13 36 150.2
13 37 153.5
13 38 177.1
13 39 171.2
13 40 168.3
13 41 185.4
13 42 135.2
13 43 109.5
13 44 203.3
13 45 158.6
13 46 188.9
13 47 154.8
13 48 164.1
13 49 186.8
13 50 184.2
14 15 139.6
14 16 136.6
14 17 184.9
14 18 146.8
14 19 131.6
14 20 146.1
14 21 147.1
14 22 144.2
14 23 181.0
14 24 135.6
14 25 147.2
14 26 116.5
14 27 150.5
14 28 141.0
14 29 159.1
14 30 134.7
14 31 184.7
14 32 140.3
14 33 200.6
14 34 169.2
14 35 151.7
14 36 158.8
14 37 177.9
14 38 131.4
14 39 165.3
14 40 140.9
14 41 128.4
14 42 126.4
14 43 137.2
14 44 157.0
14 45 138.7
14 46 164.0
14 47 149.4
14 48 124.8
14 49 140.8
14 50 162.6
15 16 168.8
15 17 173.1
15 18 119.1
15 19 197.4
15 20 190.5
15 21 193.8
15 22 177.9
15 23 202.9
15 24 188.8
15 25 187.8
15 26 141.8
15 27 187.7
15 28 110.6
15 29 178.3
15 30 194.8
15 31 171.0
15 32 167.5
15 33 231.0
15 34 132.9
15 35 153.0
15 36 128.5
15 37 170.7
15 38 171.8
15 39 173.0
15 40 172.5
15 41 198.9
15 42 111.0
15 43 158.2
15 44 174.6
15 45 151.6
15 46 184.2
15 47 159.9
15 48 133.9
15 49 214.1
15 50 206.5
16 17 170.7
16 18 151.9
16 19 128.3
16 20 199.8
16 21 163.7
16 22 117.3
16 23 126.6
16 24 150.8
16 25 180.6
16 26 170.0
16 27 136.4
16 28 173.0
16 29 107.7
16 30 134.6
16 31 163.3
16 32 180.9
16 33 189.4
16 34 171.5
16 35 151.2
16 36 155.6
16 37 186.7
16 38 164.4
16 39 164.0
16 40 177.4
16 41 173.9
16 42 164.4
16 43 141.4
16 44 173.5
16 45 168.9
16 46 172.4
16 47 165.0
16 48 156.2
16 49 164.2
16 50 152.0
17 18 170.0
17 19 197.2
17 20 194.6
17 21 183.4
17 22 171.2
17 23 191.4
17 24 191.6
17 25 199.4
17 26 159.0
17 27 195.2
17 28 191.3
17 29 208.1
17 30 187.5
17 31 167.8
17 32 219.2
17 33 181.0
17 34 180.1
17 35 145.5
17 36 188.0
17 37 161.6
17 38 195.1
17 39 143.6
17 40 180.5
17 41 228.4
17 42 192.9
17 43 142.8
17 44 194.3
17 45 177.0
17 46 190.2
17 47 205.9
17 48 161.3
17 49 202.2
17 50 170.4
18 19 197.8
18 20 184.8
18 21 198.3
18 22 156.4
18 23 175.9
18 24 173.5
18 25 165.6
18 26 174.2
18 27 175.9
18 28 152.1
18 29 183.4
18 30 165.2
18 31 159.9
18 32 146.3
18 33 231.5
18 34 127.5
18 35 133.7
18 36 149.6
18 37 162.7
18 38 173.4
18 39 171.3
18 40 186.6
18 41 202.3
18 42 146.6
18 43 130.4
18 44 209.6
18 45 160.5
18 46 179.5
18 47 184.9
18 48 162.1
18 49 187.6
18 50 173.7
19 20 160.9
19 21 153.8
19 22 195.5
19 23 172.2
19 24 154.7
19 25 185.8
19 26 166.1
19 27 124.3
19 28 190.4
19 29 137.2
19 30 153.2
19 31 226.2
19 32 215.8
19 33 197.4
19 34 187.0
19 35 191.5
19 36 171.4
19 37 228.0
19 38 181.1
19 39 219.7
19 40 144.9
19 41 188.6
19 42 193.6
19 43 160.7
19 44 187.0
19 45 167.3
19 46 174.3
19 47 203.4
19 48 169.4
19 49 164.2
19 50 132.9
20 21 131.4
20 22 194.4
20 23 211.1
20 24 182.7
20 25 148.1
20 26 169.2
20 27 169.2
20 28 200.5
20 29 202.3
20 30 180.9
20 31 208.2
20 32 191.0
20 33 218.8
20 34 187.8
20 35 198.9
20 36 198.7
20 37 174.7
20 38 147.0
20 39 202.8
20 40 154.6
20 41 206.4
20 42 181.0
20 43 180.7
20 44 164.0
20 45 163.8
20 46 197.5
20 47 216.8
20 48 173.9
20 49 133.5
20 50 160.5
21 22 177.1
21 23 161.3
21 24 180.3
21 25 155.3
21 26 159.7
21 27 163.9
21 28 175.5
21 29 173.4
21 30 148.2
21 31 192.5
21 32 174.0
21 33 190.0
21 34 164.8
21 35 181.8
21 36 181.3
21 37 190.4
21 38 139.6
21 39 179.4
21 40 142.4
21 41 187.8
21 42 173.5
21 43 189.2
21 44 175.7
21 45 155.1
21 46 165.6
21 47 181.0
21 48 138.0
21 49 127.7
21 50 145.8
22 23 173.5
22 24 190.8
22 25 162.6
22 26 166.7
22 27 168.1
22 28 169.8
22 29 156.1
22 30 124.6
22 31 147.6
22 32 140.5
22 33 200.8
22 34 186.6
22 35 153.7
22 36 182.2
22 37 179.1
22 38 132.8
22 39 122.3
22 40 180.8
22 41 149.2
22 42 179.1
22 43 163.2
22 44 139.6
22 45 181.1
22 46 183.3
22 47 165.0
22 48 179.9
22 49 174.9
22 50 193.0
23 24 164.7
23 25 170.3
23 26 186.2
23 27 112.5
23 28 192.9
23 29 138.9
23 30 178.3
23 31 179.8
23 32 189.0
23 33 187.7
23 34 185.8
23 35 196.1
23 36 157.1
23 37 195.9
23 38 182.4
23 39 192.2
23 40 169.5
23 41 199.6
23 42 211.5
23 43 168.6
23 44 220.2
23 45 167.7
23 46 164.9
23 47 160.3
23 48 197.0
23 49 176.4
23 50 174.9
24 25 175.0
24 26 164.1
24 27 161.8
24 28 190.0
24 29 194.2
24 30 195.0
24 31 157.8
24 32 191.0
24 33 187.6
24 34 202.0
24 35 170.1
24 36 213.4
24 37 174.8
24 38 168.1
24 39 192.3
24 40 151.6
24 41 179.8
24 42 157.6
24 43 127.8
24 44 198.3
24 45 147.3
24 46 193.9
24 47 173.9
24 48 162.0
24 49 167.4
24 50 138.5
25 26 166.3
25 27 162.4
25 28 178.4
25 29 191.8
25 30 189.8
25 31 194.7
25 32 117.5
25 33 243.5
25 34 167.5
25 35 209.4
25 36 197.6
25 37 177.6
25 38 147.1
25 39 175.1
25 40 154.5
25 41 188.4
25 42 167.2
25 43 179.2
25 44 160.0
25 45 137.4
25 46 165.8
25 47 175.3
25 48 179.7
25 49 144.8
25 50 194.2
26 27 165.5
26 28 135.2
26 29 195.0
26 30 165.0
26 31 189.1
26 32 175.2
26 33 183.3
26 34 140.7
26 35 152.2
26 36 161.4
26 37 198.1
26 38 131.3
26 39 155.9
26 40 136.1
26 41 183.8
26 42 165.0
26 43 136.6
26 44 153.2
26 45 159.2
26 46 146.1
26 47 117.4
26 48 142.1
26 49 180.1
26 50 173.1
27 28 170.5
27 29 127.2
27 30 146.2
27 31 204.7
27 32 189.4
27 33 188.9
27 34 181.3
27 35 204.7
27 36 136.2
27 37 209.0
27 38 151.2
27 39 198.1
27 40 142.1
27 41 167.0
27 42 208.2
27 43 149.5
27 44 188.2
27 45 141.4
27 46 164.4
27 47 162.6
27 48 204.3
27 49 172.8
27 50 159.6
28 29 160.5
28 30 160.8
28 31 180.2
28 32 151.3
28 33 201.4
28 34 117.1
28 35 154.8
28 36 132.0
28 37 209.8
28 38 150.2
28 39 165.3
28 40 140.7
28 41 162.0
28 42 139.1
28 43 173.7
28 44 170.8
28 45 123.3
28 46 134.4
28 47 129.9
28 48 128.5
28 49 207.3
28 50 195.8
29 30 159.3
29 31 202.6
29 32 196.2
29 33 194.0
29 34 194.1
29 35 194.4
29 36 147.5
29 37 226.8
29 38 189.6
29 39 200.0
29 40 164.1
29 41 179.0
29 42 200.1
29 43 194.5
29 44 187.3
29 45 167.4
29 46 166.9
29 47 179.6
29 48 170.3
29 49 201.5
29 50 188.0
30 31 208.0
30 32 165.3
30 33 199.1
30 34 162.3
30 35 151.5
30 36 163.5
30 37 223.5
30 38 127.9
30 39 165.3
30 40 169.6
30 41 157.5
30 42 199.0
30 43 167.6
30 44 180.0
30 45 174.5
30 46 158.1
30 47 185.4
30 48 175.8
30 49 169.5
30 50 156.5
31 32 182.1
31 33 187.3
31 34 194.4
31 35 137.9
31 36 204.9
31 37 143.0
31 38 185.2
31 39 158.3
31 40 174.5
31 41 182.9
31 42 159.0
31 43 157.9
31 44 191.0
31 45 178.7
31 46 213.4
31 47 185.0
31 48 172.5
31 49 192.9
31 50 186.1
32 33 238.4
32 34 161.5
32 35 180.6
32 36 178.1
32 37 173.7
32 38 126.5
32 39 167.2
32 40 163.1
32 41 147.5
32 42 149.7
32 43 195.7
32 44 162.3
32 45 164.9
32 46 162.8
32 47 162.2
32 48 175.3
32 49 172.3
32 50 209.1
33 34 230.2
33 35 199.4
33 36 191.4
33 37 202.8
33 38 199.4
33 39 218.4
33 40 162.5
33 41 209.2
33 42 230.5
33 43 183.1
33 44 226.9
33 45 222.3
33 46 207.8
33 47 206.3
33 48 200.8
33 49 197.7
33 50 182.8
34 35 147.0
34 36 140.2
34 37 208.2
34 38 154.3
34 39 172.1
34 40 165.3
34 41 219.1
34 42 155.3
34 43 161.0
34 44 189.1
34 45 157.1
34 46 128.3
34 47 159.2
34 48 144.7
34 49 189.4
34 50 167.2
35 36 187.5
35 37 187.4
35 38 174.0
35 39 145.6
35 40 174.9
35 41 178.3
35 42 167.1
35 43 156.8
35 44 188.1
35 45 167.5
35 46 159.1
35 47 171.2
35 48 125.6
35 49 204.9
35 50 140.7
36 37 187.6
36 38 171.0
36 39 202.8
36 40 164.9
36 41 192.3
36 42 170.4
36 43 166.7
36 44 199.8
36 45 177.7
36 46 166.7
36 47 172.1
36 48 182.2
36 49 188.4
36 50 204.1
37 38 178.3
37 39 184.8
37 40 199.2
37 41 209.5
37 42 139.1
37 43 173.2
37 44 187.8
37 45 188.0
37 46 229.4
37 47 212.7
37 48 185.9
37 49 157.3
37 50 206.6
38 39 131.8
38 40 135.8
38 41 151.9
38 42 159.3
38 43 158.8
38 44 113.6
38 45 162.0
38 46 144.4
38 47 138.2
38 48 165.7
38 49 142.6
38 50 169.4
39 40 166.7
39 41 180.1
39 42 172.6
39 43 153.9
39 44 143.7
39 45 176.0
39 46 146.1
39 47 151.7
39 48 145.0
39 49 186.3
39 50 189.0
40 41 156.7
40 42 174.9
40 43 153.0
40 44 154.7
40 45 151.4
40 46 127.9
40 47 164.3
40 48 147.8
40 49 165.5
40 50 155.2
41 42 185.4
41 43 197.7
41 44 170.2
41 45 160.1
41 46 180.9
41 47 157.3
41 48 187.1
41 49 191.1
41 50 192.8
42 43 161.2
42 44 164.9
42 45 153.3
42 46 195.7
42 47 178.8
42 48 117.7
42 49 158.8
42 50 200.8
43 44 199.1
43 45 175.0
43 46 183.3
43 47 175.4
43 48 168.2
43 49 156.5
43 50 147.3
44 45 174.4
44 46 170.5
44 47 170.8
44 48 170.0
44 49 185.0
44 50 206.8
45 46 155.1
45 47 150.0
45 48 143.3
45 49 190.5
45 50 162.8
46 47 132.9
46 48 140.7
46 49 190.7
46 50 163.0
47 48 159.5
47 49 205.9
47 50 188.2
48 49 174.4
48 50 156.0
49 50 169.2
1 135.0 0.51 142.0
2 738.0 1.52 704.0
3 1057.0 8.64 721.0
4 759.0 6.51 856.0
5 718.0 0.95 722.0
6 621.0 1.85 408.0
7 315.0 2.63 404.0
8 351.0 3.01 293.0
9 534.0 1.91 296.0
10 68.0 0.14 44.0
11 53.0 0.33 96.0
12 826.0 1.88 452.0
13 60.0 0.05 61.0
14 1585.0 1.01 876.0
15 965.0 4.79 505.0
16 605.0 4.9 910.0
17 409.0 3.27 288.0
18 391.0 1.81 466.0
19 341.0 3.13 562.0
20 1086.0 7.16 675.0
21 821.0 1.42 865.0
22 362.0 0.08 195.0
23 1055.0 6.83 778.0
24 1519.0 4.56 908.0
25 123.0 0.25 154.0
26 114.0 0.98 102.0
27 663.0 0.64 553.0
28 676.0 1.94 858.0
29 23.0 0.18 28.0
30 937.0 3.86 504.0
31 1071.0 10.57 625.0
32 904.0 8.08 521.0
33 345.0 1.15 207.0
34 485.0 3.04 345.0
35 307.0 1.87 377.0
36 414.0 0.29 280.0
37 102.0 0.83 104.0
38 913.0 8.77 780.0
39 632.0 1.38 925.0
40 262.0 1.25 399.0
41 136.0 0.97 176.0
42 20.0 0.06 20.0
43 1627.0 12.61 851.0
44 241.0 1.35 236.0
45 363.0 1.0 247.0
46 356.0 0.61 707.0
47 123.0 0.19 145.0
48 852.0 7.25 535.0
49 668.0 0.03 524.0
50 56.0 0.05 58.0
5557 8335 4497
