50
1 2 141.8
1 3 109.4
1 4 124.1
1 5 111.5
1 6 98.3
1 7 148.6
1 8 66.3
1 9 108.1
1 10 144.3
1 11 137.6
1 12 146.9
1 13 140.0
1 14 128.3
1 15 120.7
1 16 120.5
1 17 112.8
1 18 108.9
1 19 125.6
1 20 109.6
1 21 115.0
1 22 78.5
1 23 95.1
1 24 90.0
1 25 79.5
1 26 142.9
1 27 109.4
1 28 96.6
1 29 76.6
1 30 55.4
1 31 102.6
1 32 104.6
1 33 106.4
1 34 86.3
1 35 118.7
1 36 106.6
1 37 92.0
1 38 73.5
1 39 133.6
1 40 140.2
1 41 108.5
1 42 145.1
1 43 98.4
1 44 113.5
1 45 113.1
1 46 110.9
1 47 116.8
1 48 107.9
1 49 129.3
1 50 121.8
2 3 135.0
2 4 144.0
2 5 124.4
2 6 134.3
2 7 129.1
2 8 167.4
2 9 132.2
2 10 80.1
2 11 166.2
2 12 125.3
2 13 151.7
2 14 97.6
2 15 104.7
2 16 109.0
2 17 113.0
2 18 103.3
2 19 126.9
2 20 152.2
2 21 147.8
2 22 112.7
2 23 121.0
2 24 102.0
2 25 129.8
2 26 47.9
2 27 169.6
2 28 127.2
2 29 124.3
2 30 166.8
2 31 144.7
2 32 134.0
2 33 130.9
2 34 156.2
2 35 113.1
2 36 169.2
2 37 128.4
2 38 142.4
2 39 125.0
2 40 98.6
2 41 138.7
2 42 104.0
2 43 131.5
2 44 166.1
2 45 117.3
2 46 152.1
2 47 66.9
2 48 126.8
2 49 120.2
2 50 113.3
3 4 139.7
3 5 106.0
3 6 94.8
3 7 75.7
3 8 99.7
3 9 83.2
3 10 102.7
3 11 69.7
3 12 120.6
3 13 85.9
3 14 90.8
3 15 104.6
3 16 100.7
3 17 98.6
3 18 130.8
3 19 72.9
3 20 112.2
3 21 90.4
3 22 130.2
3 23 102.0
3 24 84.5
3 25 77.7
3 26 129.5
3 27 108.1
3 28 98.0
3 29 132.0
3 30 125.1
3 31 127.1
3 32 110.7
3 33 130.2
3 34 108.5
3 35 32.5
3 36 103.1
3 37 113.7
3 38 118.9
3 39 84.7
3 40 80.3
3 41 114.5
3 42 82.6
3 43 125.5
3 44 117.4
3 45 98.6
3 46 115.1
3 47 113.8
3 48 107.7
3 49 79.9
3 50 122.4
4 5 143.8
4 6 69.9
4 7 146.4
4 8 141.2
4 9 110.1
4 10 136.5
4 11 135.7
4 12 127.3
4 13 116.9
4 14 106.0
4 15 160.8
4 16 139.0
4 17 94.2
4 18 109.6
4 19 139.9
4 20 94.6
4 21 123.8
4 22 137.5
4 23 78.2
4 24 105.2
4 25 131.2
4 26 145.8
4 27 144.6
4 28 125.8
4 29 92.9
4 30 157.1
4 31 127.0
4 32 73.3
4 33 85.6
4 34 140.1
4 35 143.2
4 36 133.2
4 37 156.6
4 38 101.6
4 39 111.4
4 40 153.7
4 41 143.0
4 42 158.4
4 43 121.7
4 44 138.7
4 45 156.7
4 46 94.7
4 47 107.0
4 48 124.9
4 49 134.4
4 50 113.5
5 6 135.7
5 7 146.0
5 8 137.2
5 9 54.1
5 10 130.5
5 11 149.9
5 12 112.8
5 13 111.2
5 14 117.2
5 15 101.7
5 16 155.2
5 17 129.0
5 18 153.3
5 19 138.9
5 20 129.5
5 21 101.0
5 22 114.5
5 23 138.4
5 24 94.5
5 25 95.6
5 26 133.1
5 27 143.0
5 28 106.2
5 29 109.9
5 30 143.1
5 31 75.8
5 32 125.8
5 33 128.5
5 34 168.6
5 35 105.6
5 36 154.0
5 37 120.6
5 38 100.0
5 39 155.6
5 40 122.5
5 41 120.8
5 42 99.6
5 43 165.6
5 44 119.5
5 45 79.1
5 46 113.2
5 47 137.7
5 48 42.2
5 49 135.1
5 50 156.4
6 7 120.7
6 8 103.2
6 9 100.3
6 10 104.7
6 11 90.4
6 12 107.8
6 13 94.3
6 14 69.5
6 15 128.2
6 16 109.8
6 17 70.1
6 18 99.9
6 19 113.5
6 20 93.7
6 21 109.3
6 22 121.3
6 23 32.3
6 24 95.0
6 25 111.3
6 26 127.3
6 27 122.9
6 28 108.5
6 29 94.2
6 30 128.0
6 31 119.2
6 32 86.5
6 33 85.8
6 34 104.5
6 35 104.4
6 36 106.5
6 37 115.4
6 38 109.5
6 39 64.8
6 40 124.2
6 41 105.1
6 42 122.1
6 43 87.6
6 44 112.6
6 45 137.2
6 46 108.6
6 47 92.0
6 48 126.0
6 49 101.9
6 50 76.2
7 8 139.7
7 9 120.1
7 10 120.3
7 11 81.6
7 12 137.4
7 13 105.9
7 14 111.3
7 15 139.9
7 16 99.2
7 17 96.0
7 18 116.7
7 19 35.6
7 20 139.2
7 21 114.8
7 22 160.3
7 23 127.7
7 24 106.8
7 25 101.0
7 26 136.7
7 27 111.1
7 28 126.9
7 29 149.0
7 30 156.5
7 31 161.8
7 32 105.4
7 33 135.6
7 34 115.5
7 35 60.0
7 36 101.8
7 37 145.0
7 38 138.9
7 39 91.0
7 40 71.1
7 41 142.3
7 42 106.0
7 43 127.4
7 44 167.2
7 45 113.4
7 46 113.9
7 47 96.1
7 48 139.0
7 49 80.9
7 50 124.3
8 9 123.2
8 10 155.2
8 11 124.7
8 12 151.9
8 13 135.7
8 14 131.0
8 15 136.3
8 16 128.7
8 17 131.2
8 18 139.2
8 19 112.5
8 20 124.9
8 21 92.0
8 22 123.3
8 23 104.1
8 24 114.7
8 25 97.4
8 26 169.3
8 27 87.0
8 28 81.5
8 29 104.2
8 30 97.2
8 31 122.2
8 32 119.1
8 33 132.9
8 34 81.6
8 35 110.1
8 36 91.0
8 37 96.0
8 38 117.7
8 39 127.0
8 40 126.3
8 41 121.8
8 42 148.0
8 43 122.4
8 44 106.8
8 45 136.6
8 46 122.1
8 47 137.4
8 48 138.2
8 49 148.2
8 50 130.0
9 10 124.8
9 11 107.2
9 12 88.8
9 13 63.6
9 14 93.4
9 15 116.7
9 16 146.8
9 17 97.7
9 18 138.4
9 19 115.8
9 20 113.7
9 21 75.9
9 22 122.1
9 23 113.8
9 24 88.2
9 25 91.2
9 26 139.2
9 27 115.6
9 28 99.9
9 29 96.5
9 30 139.8
9 31 68.4
9 32 91.8
9 33 96.9
9 34 150.5
9 35 89.8
9 36 120.6
9 37 117.1
9 38 87.6
9 39 124.1
9 40 113.2
9 41 103.9
9 42 91.4
9 43 143.1
9 44 115.3
9 45 79.5
9 46 78.9
9 47 122.8
9 48 56.1
9 49 111.1
9 50 129.6
10 11 138.1
10 12 123.0
10 13 133.3
10 14 65.2
10 15 90.1
10 16 88.8
10 17 112.2
10 18 124.5
10 19 125.7
10 20 123.4
10 21 142.1
10 22 127.7
10 23 89.3
10 24 93.8
10 25 129.5
10 26 52.4
10 27 177.9
10 28 122.3
10 29 146.8
10 30 170.6
10 31 156.2
10 32 142.3
10 33 147.5
10 34 149.9
10 35 90.2
10 36 171.2
10 37 138.1
10 38 154.8
10 39 81.8
10 40 96.0
10 41 142.0
10 42 89.8
10 43 137.3
10 44 135.3
10 45 141.7
10 46 164.4
10 47 91.4
10 48 132.0
10 49 103.3
10 50 115.3
11 12 119.2
11 13 70.3
11 14 103.5
11 15 150.2
11 16 134.5
11 17 83.7
11 18 133.1
11 19 87.1
11 20 139.8
11 21 113.5
11 22 165.9
11 23 113.3
11 24 127.8
11 25 114.9
11 26 166.3
11 27 103.0
11 28 139.5
11 29 140.9
11 30 145.7
11 31 142.3
11 32 109.1
11 33 116.4
11 34 118.9
11 35 84.1
11 36 83.7
11 37 130.6
11 38 137.4
11 39 86.4
11 40 114.8
11 41 110.9
11 42 109.8
11 43 115.8
11 44 151.1
11 45 121.7
11 46 111.8
11 47 123.3
11 48 144.0
11 49 86.8
11 50 109.4
12 13 68.7
12 14 66.0
12 15 117.7
12 16 169.3
12 17 90.8
12 18 141.6
12 19 139.1
12 20 158.3
12 21 108.3
12 22 161.1
12 23 120.9
12 24 142.4
12 25 137.6
12 26 143.1
12 27 139.4
12 28 135.1
12 29 104.0
12 30 180.2
12 31 82.9
12 32 131.9
12 33 103.0
12 34 176.8
12 35 114.7
12 36 143.3
12 37 100.5
12 38 149.6
12 39 129.2
12 40 112.9
12 41 75.1
12 42 74.0
12 43 147.5
12 44 129.7
12 45 111.7
12 46 123.0
12 47 118.5
12 48 115.1
12 49 140.7
12 50 102.5
13 14 82.9
13 15 136.5
13 16 158.6
13 17 84.9
13 18 144.5
13 19 110.5
13 20 136.9
13 21 85.5
13 22 163.2
13 23 117.9
13 24 125.3
13 25 117.5
13 26 160.6
13 27 111.2
13 28 126.6
13 29 117.1
13 30 165.7
13 31 96.7
13 32 104.4
13 33 100.7
13 34 156.3
13 35 92.2
13 36 109.9
13 37 122.7
13 38 128.7
13 39 110.6
13 40 110.7
13 41 95.8
13 42 86.6
13 43 142.9
13 44 130.8
13 45 105.1
13 46 91.4
13 47 127.0
13 48 107.8
13 49 113.9
13 50 115.7
14 15 95.2
14 16 116.1
14 17 76.9
14 18 115.4
14 19 113.4
14 20 121.7
14 21 105.9
14 22 133.7
14 23 71.1
14 24 104.2
14 25 120.2
14 26 97.3
14 27 140.9
14 28 108.9
14 29 108.8
14 30 161.7
14 31 113.0
14 32 116.3
14 33 107.1
14 34 142.0
14 35 83.7
14 36 136.2
14 37 104.1
14 38 139.1
14 39 73.7
14 40 87.5
14 41 96.0
14 42 68.8
14 43 120.4
14 44 112.8
14 45 122.1
14 46 128.7
14 47 85.1
14 48 117.0
14 49 106.8
14 50 79.8
15 16 116.4
15 17 118.4
15 18 129.9
15 19 138.6
15 20 123.1
15 21 139.7
15 22 137.6
15 23 117.4
15 24 113.0
15 25 95.3
15 26 103.0
15 27 169.2
15 28 130.2
15 29 131.5
15 30 142.1
15 31 125.2
15 32 161.2
15 33 157.7
15 34 151.1
15 35 96.3
15 36 170.3
15 37 106.4
15 38 146.3
15 39 137.6
15 40 107.3
15 41 111.3
15 42 87.8
15 43 151.8
15 44 92.8
15 45 121.8
15 46 159.9
15 47 118.8
15 48 99.1
15 49 135.2
15 50 143.4
16 17 113.5
16 18 92.1
16 19 93.6
16 20 103.3
16 21 148.8
16 22 122.1
16 23 91.8
16 24 78.4
16 25 98.8
16 26 92.0
16 27 154.6
16 28 121.2
16 29 147.0
16 30 127.9
16 31 178.6
16 32 124.1
16 33 152.0
16 34 86.7
16 35 92.2
16 36 140.7
16 37 148.3
16 38 133.2
16 39 86.5
16 40 106.2
16 41 159.8
16 42 137.8
16 43 109.3
16 44 148.0
16 45 148.2
16 46 151.1
16 47 83.2
16 48 145.2
16 49 94.1
16 50 127.4
17 18 65.8
17 19 98.0
17 20 117.1
17 21 123.4
17 22 134.0
17 23 83.5
17 24 105.1
17 25 95.6
17 26 122.4
17 27 117.6
17 28 135.4
17 29 91.4
17 30 126.1
17 31 114.0
17 32 86.0
17 33 70.9
17 34 113.5
17 35 97.5
17 36 100.5
17 37 108.4
17 38 105.5
17 39 91.2
17 40 112.8
17 41 81.1
17 42 102.7
17 43 77.7
17 44 138.2
17 45 103.6
17 46 93.1
17 47 65.1
17 48 112.7
17 49 82.1
17 50 73.2
18 19 109.9
18 20 121.1
18 21 153.8
18 22 122.2
18 23 94.5
18 24 104.4
18 25 100.5
18 26 113.3
18 27 137.8
18 28 144.6
18 29 99.9
18 30 112.8
18 31 147.0
18 32 98.5
18 33 97.0
18 34 95.8
18 35 123.9
18 36 120.0
18 37 126.9
18 38 106.7
18 39 113.5
18 40 131.0
18 41 120.5
18 42 143.1
18 43 65.0
18 44 159.8
18 45 127.5
18 46 117.5
18 47 49.7
18 48 134.4
18 49 101.8
18 50 93.2
19 20 134.7
19 21 96.6
19 22 141.1
19 23 118.8
19 24 96.1
19 25 89.5
19 26 137.0
19 27 84.4
19 28 102.9
19 29 130.4
19 30 136.5
19 31 149.4
19 32 90.9
19 33 124.7
19 34 91.9
19 35 59.0
19 36 78.7
19 37 127.7
19 38 123.5
19 39 91.7
19 40 66.4
19 41 135.1
19 42 112.6
19 43 114.3
19 44 158.6
19 45 105.5
19 46 101.4
19 47 90.9
19 48 134.9
19 49 89.4
19 50 115.6
20 21 133.8
20 22 139.0
20 23 86.9
20 24 80.9
20 25 89.1
20 26 139.4
20 27 160.8
20 28 124.0
20 29 128.9
20 30 130.6
20 31 146.9
20 32 112.8
20 33 143.6
20 34 123.2
20 35 121.4
20 36 150.3
20 37 164.3
20 38 102.3
20 39 119.9
20 40 147.9
20 41 158.2
20 42 156.2
20 43 143.3
20 44 97.7
20 45 159.7
20 46 122.4
20 47 127.5
20 48 103.3
20 49 128.6
20 50 156.7
21 22 138.6
21 23 119.9
21 24 107.3
21 25 108.4
21 26 160.6
21 27 79.9
21 28 59.6
21 29 101.5
21 30 154.7
21 31 93.6
21 32 95.7
21 33 116.9
21 34 137.2
21 35 89.4
21 36 99.4
21 37 112.7
21 38 118.4
21 39 122.1
21 40 91.7
21 41 123.9
21 42 112.1
21 43 152.4
21 44 119.5
21 45 110.0
21 46 87.0
21 47 131.7
21 48 109.4
21 49 141.8
21 50 130.2
22 23 110.7
22 24 79.5
22 25 120.8
22 26 106.8
22 27 147.0
22 28 102.2
22 29 105.7
22 30 106.0
22 31 129.4
22 32 114.4
22 33 114.9
22 34 123.7
22 35 130.7
22 36 145.0
22 37 121.0
22 38 92.4
22 39 134.3
22 40 144.6
22 41 142.1
22 42 146.8
22 43 110.3
22 44 160.1
22 45 116.1
22 46 139.4
22 47 110.7
22 48 124.9
22 49 122.0
22 50 123.6
23 24 86.9
23 25 111.8
23 26 108.6
23 27 138.1
23 28 103.7
23 29 99.1
23 30 126.9
23 31 130.5
23 32 99.0
23 33 102.5
23 34 100.8
23 35 106.8
23 36 123.8
23 37 117.6
23 38 115.2
23 39 65.6
23 40 122.5
23 41 117.5
23 42 126.8
23 43 89.6
23 44 108.6
23 45 145.8
23 46 125.6
23 47 85.1
23 48 129.5
23 49 107.9
23 50 82.2
24 25 77.1
24 26 92.5
24 27 131.9
24 28 82.6
24 29 110.4
24 30 115.2
24 31 128.7
24 32 82.1
24 33 115.6
24 34 107.4
24 35 83.6
24 36 126.7
24 37 135.2
24 38 76.3
24 39 97.0
24 40 106.1
24 41 142.6
24 42 120.8
24 43 116.7
24 44 129.2
24 45 108.4
24 46 105.4
24 47 89.6
24 48 88.8
24 49 86.5
24 50 126.1
25 26 135.2
25 27 109.9
25 28 109.1
25 29 105.8
25 30 86.5
25 31 115.3
25 32 102.6
25 33 124.8
25 34 96.0
25 35 80.4
25 36 107.1
25 37 115.1
25 38 80.5
25 39 127.8
25 40 108.2
25 41 115.5
25 42 119.0
25 43 120.8
25 44 109.4
25 45 93.1
25 46 94.0
25 47 107.1
25 48 76.5
25 49 105.0
25 50 140.1
26 27 187.1
26 28 131.8
26 29 143.8
26 30 165.6
26 31 162.6
26 32 143.9
26 33 146.2
26 34 154.1
26 35 113.7
26 36 181.4
26 37 143.8
26 38 148.1
26 39 110.9
26 40 113.0
26 41 153.3
26 42 112.6
26 43 133.0
26 44 162.1
26 45 137.4
26 46 169.5
26 47 81.3
26 48 135.5
26 49 110.3
26 50 121.6
27 28 105.6
27 29 104.5
27 30 126.5
27 31 119.1
27 32 92.1
27 33 106.7
27 34 105.0
27 35 110.4
27 36 36.8
27 37 108.7
27 38 116.1
27 39 136.1
27 40 117.5
27 41 118.4
27 42 142.8
27 43 122.3
27 44 160.7
27 45 107.5
27 46 81.6
27 47 131.2
27 48 143.7
27 49 138.0
27 50 122.5
28 29 103.5
28 30 141.5
28 31 115.3
28 32 102.2
28 33 128.1
28 34 120.6
28 35 93.3
28 36 118.7
28 37 113.5
28 38 115.4
28 39 113.9
28 40 92.8
28 41 141.5
28 42 124.7
28 43 142.4
28 44 119.9
28 45 123.2
28 46 115.1
28 47 119.9
28 48 118.4
28 49 140.1
28 50 127.9
29 30 116.5
29 31 67.2
29 32 86.4
29 33 63.2
29 34 125.1
29 35 131.1
29 36 108.2
29 37 87.0
29 38 84.4
29 39 137.9
29 40 134.0
29 41 88.6
29 42 134.8
29 43 105.0
29 44 125.4
29 45 107.5
29 46 83.9
29 47 99.3
29 48 103.3
29 49 143.1
29 50 97.4
30 31 141.0
30 32 128.2
30 33 131.2
30 34 81.5
30 35 137.0
30 36 114.8
30 37 119.6
30 38 89.9
30 39 154.9
30 40 165.4
30 41 127.8
30 42 169.2
30 43 99.0
30 44 148.6
30 45 125.7
30 46 132.6
30 47 134.9
30 48 134.0
30 49 129.7
30 50 145.6
31 32 118.9
31 33 93.9
31 34 164.9
31 35 130.1
31 36 131.6
31 37 89.3
31 38 105.6
31 39 159.6
31 40 139.1
31 41 79.8
31 42 114.8
31 43 148.7
31 44 116.4
31 45 92.8
31 46 97.9
31 47 138.2
31 48 82.3
31 49 155.7
31 50 130.0
32 33 66.5
32 34 108.4
32 35 112.2
32 36 82.1
32 37 138.4
32 38 68.4
32 39 105.1
32 40 124.8
32 41 133.4
32 42 142.4
32 43 100.5
32 44 157.4
32 45 111.8
32 46 50.2
32 47 91.3
32 48 114.5
32 49 102.0
32 50 105.8
33 34 131.3
33 35 132.1
33 36 97.2
33 37 111.5
33 38 88.5
33 39 120.6
33 40 141.5
33 41 94.3
33 42 133.3
33 43 85.5
33 44 161.9
33 45 104.1
33 46 77.9
33 47 91.9
33 48 122.4
33 49 114.5
33 50 75.7
34 35 113.7
34 36 84.8
34 37 127.2
34 38 115.7
34 39 108.9
34 40 132.5
34 41 141.7
34 42 163.4
34 43 78.9
34 44 153.0
34 45 144.7
34 46 128.7
34 47 107.5
34 48 159.2
34 49 114.9
34 50 118.9
35 36 109.5
35 37 110.8
35 38 126.7
35 39 84.6
35 40 50.1
35 41 117.0
35 42 68.5
35 43 127.7
35 44 125.6
35 45 92.8
35 46 117.8
35 47 99.0
35 48 108.9
35 49 82.4
35 50 117.8
36 37 115.7
36 38 110.7
36 39 119.0
36 40 124.4
36 41 116.6
36 42 146.1
36 43 97.8
36 44 163.7
36 45 114.8
36 46 82.5
36 47 119.7
36 48 149.0
36 49 118.6
36 50 109.1
37 38 136.1
37 39 137.2
37 40 112.9
37 41 55.7
37 42 101.6
37 43 113.0
37 44 125.8
37 45 98.8
37 46 135.7
37 47 115.7
37 48 130.9
37 49 142.9
37 50 95.3
38 39 141.8
38 40 150.5
38 41 131.7
38 42 153.0
38 43 113.4
38 44 145.0
38 45 101.3
38 46 70.8
38 47 115.7
38 48 84.1
38 49 114.6
38 50 137.8
39 40 100.1
39 41 136.8
39 42 113.6
39 43 101.1
39 44 147.4
39 45 145.4
39 46 136.4
39 47 87.3
39 48 152.7
39 49 81.1
39 50 84.1
40 41 128.7
40 42 73.8
40 43 142.4
40 44 142.5
40 45 107.0
40 46 131.0
40 47 95.7
40 48 129.3
40 49 114.7
40 50 117.8
41 42 95.9
41 43 111.1
41 44 127.4
41 45 96.2
41 46 123.3
41 47 116.8
41 48 120.7
41 49 131.9
41 50 92.9
42 43 148.0
42 44 135.5
42 45 89.8
42 46 141.2
42 47 112.1
42 48 111.9
42 49 109.1
42 50 116.0
43 44 171.0
43 45 129.8
43 46 127.3
43 47 76.5
43 48 157.7
43 49 95.7
43 50 67.4
44 45 160.6
44 46 149.7
44 47 157.1
44 48 110.0
44 49 170.9
44 50 161.7
45 46 100.3
45 47 113.1
45 48 90.0
45 49 104.9
45 50 127.3
46 47 116.7
46 48 97.3
46 49 124.3
46 50 129.6
47 48 129.0
47 49 88.4
47 50 71.1
48 49 129.5
48 50 156.6
49 50 109.1
1 1002.0 1.55 629.0
2 404.0 0.14 319.0
3 819.0 0.02 498.0
4 353.0 3.23 239.0
5 274.0 2.36 314.0
6 191.0 1.05 357.0
7 223.0 0.57 161.0
8 284.0 1.43 159.0
9 976.0 2.43 861.0
10 627.0 4.96 370.0
11 104.0 0.07 59.0
12 88.0 0.8 56.0
13 1698.0 2.97 894.0
14 465.0 0.85 244.0
15 15.0 0.11 10.0
16 321.0 1.22 216.0
17 641.0 4.95 752.0
18 399.0 0.69 465.0
19 833.0 5.73 634.0
20 1288.0 10.68 890.0
21 749.0 5.46 883.0
22 1077.0 0.08 563.0
23 845.0 0.29 712.0
24 267.0 0.98 504.0
25 246.0 1.44 358.0
26 704.0 1.74 527.0
27 812.0 7.75 850.0
28 1218.0 5.53 796.0
29 889.0 6.86 836.0
30 437.0 1.78 235.0
31 334.0 0.04 223.0
32 1494.0 2.9 816.0
33 310.0 2.26 553.0
34 45.0 0.4 72.0
35 42.0 0.21 54.0
36 208.0 0.09 219.0
37 596.0 3.41 780.0
38 413.0 3.97 566.0
39 196.0 0.13 377.0
40 1495.0 8.72 993.0
41 1367.0 4.45 935.0
42 1457.0 6.44 787.0
43 62.0 0.16 48.0
44 133.0 0.51 181.0
45 413.0 2.24 383.0
46 664.0 4.48 409.0
47 475.0 1.77 396.0
48 232.0 0.32 134.0
49 842.0 4.96 873.0
50 428.0 2.71 381.0
8836 12803 4714
