50
1 2 157.0
1 3 176.6
1 4 169.8
1 5 185.9
1 6 160.9
1 7 171.5
1 8 161.0
1 9 90.7
1 10 210.4
1 11 117.1
1 12 111.1
1 13 106.3
1 14 161.8
1 15 123.3
1 16 159.4
1 17 135.4
1 18 167.9
1 19 126.1
1 20 162.2
1 21 188.3
1 22 154.6
1 23 124.9
1 24 123.2
1 25 179.9
1 26 118.1
1 27 155.2
1 28 147.3
1 29 174.5
1 30 180.9
1 31 164.3
1 32 181.9
1 33 157.6
1 34 154.8
1 35 135.6
1 36 150.9
1 37 125.8
1 38 170.7
1 39 162.6
1 40 170.2
1 41 176.7
1 42 157.9
1 43 178.2
1 44 166.8
1 45 110.7
1 46 174.1
1 47 173.9
1 48 163.9
1 49 104.5
1 50 185.6
2 3 162.2
2 4 161.7
2 5 164.3
2 6 142.4
2 7 165.1
2 8 82.6
2 9 177.4
2 10 194.3
2 11 121.7
2 12 133.0
2 13 129.6
2 14 185.5
2 15 152.1
2 16 158.1
2 17 126.9
2 18 128.9
2 19 157.0
2 20 119.3
2 21 175.8
2 22 144.1
2 23 116.8
2 24 126.8
2 25 149.3
2 26 118.0
2 27 143.9
2 28 173.5
2 29 165.4
2 30 133.2
2 31 170.7
2 32 118.2
2 33 153.0
2 34 131.7
2 35 104.4
2 36 129.2
2 37 167.7
2 38 190.7
2 39 131.6
2 40 145.5
2 41 168.5
2 42 133.5
2 43 146.1
2 44 125.5
2 45 146.5
2 46 154.6
2 47 160.7
2 48 130.0
2 49 135.8
2 50 130.4
3 4 150.1
3 5 125.1
3 6 138.7
3 7 122.3
3 8 148.7
3 9 182.8
3 10 165.9
3 11 152.6
3 12 194.1
3 13 145.0
3 14 153.7
3 15 118.1
3 16 167.5
3 17 127.1
3 18 125.0
3 19 133.2
3 20 164.9
3 21 157.3
3 22 150.7
3 23 143.1
3 24 162.3
3 25 166.7
3 26 187.6
3 27 161.9
3 28 154.0
3 29 91.6
3 30 142.7
3 31 145.3
3 32 127.8
3 33 121.8
3 34 129.1
3 35 148.8
3 36 146.6
3 37 185.0
3 38 111.7
3 39 170.5
3 40 150.8
3 41 133.3
3 42 141.8
3 43 81.9
3 44 142.2
3 45 160.5
3 46 160.0
3 47 115.7
3 48 144.6
3 49 159.1
3 50 186.0
4 5 161.6
4 6 142.0
4 7 165.9
4 8 107.3
4 9 169.8
4 10 195.3
4 11 119.9
4 12 165.6
4 13 149.5
4 14 148.6
4 15 153.1
4 16 152.6
4 17 138.0
4 18 125.2
4 19 112.8
4 20 169.9
4 21 218.5
4 22 131.9
4 23 103.1
4 24 161.6
4 25 127.3
4 26 131.0
4 27 164.5
4 28 124.9
4 29 142.6
4 30 162.0
4 31 128.4
4 32 158.3
4 33 161.3
4 34 150.3
4 35 184.5
4 36 161.5
4 37 195.3
4 38 155.5
4 39 148.6
4 40 135.9
4 41 125.4
4 42 153.8
4 43 140.4
4 44 117.8
4 45 100.3
4 46 150.5
4 47 167.1
4 48 99.5
4 49 146.6
4 50 122.5
5 6 160.7
5 7 129.2
5 8 136.9
5 9 193.4
5 10 169.0
5 11 152.2
5 12 178.8
5 13 159.0
5 14 180.4
5 15 151.8
5 16 191.2
5 17 143.5
5 18 157.0
5 19 154.8
5 20 163.2
5 21 138.9
5 22 153.4
5 23 123.8
5 24 181.0
5 25 177.1
5 26 185.7
5 27 152.0
5 28 166.4
5 29 149.2
5 30 174.4
5 31 191.4
5 32 153.1
5 33 150.0
5 34 157.2
5 35 168.9
5 36 74.2
5 37 201.1
5 38 133.0
5 39 163.4
5 40 137.6
5 41 130.4
5 42 162.5
5 43 125.2
5 44 151.9
5 45 167.8
5 46 169.2
5 47 178.3
5 48 127.0
5 49 163.2
5 50 187.9
6 7 165.2
6 8 132.9
6 9 193.9
6 10 166.5
6 11 149.0
6 12 167.6
6 13 123.4
6 14 148.4
6 15 122.2
6 16 160.3
6 17 130.0
6 18 146.4
6 19 129.2
6 20 142.1
6 21 167.0
6 22 153.3
6 23 99.8
6 24 126.1
6 25 150.5
6 26 145.9
6 27 121.8
6 28 129.7
6 29 158.2
6 30 160.6
6 31 125.3
6 32 164.2
6 33 153.3
6 34 113.3
6 35 149.4
6 36 142.6
6 37 159.4
6 38 126.9
6 39 153.5
6 40 112.5
6 41 115.4
6 42 126.8
6 43 162.1
6 44 142.0
6 45 163.2
6 46 123.7
6 47 127.3
6 48 107.3
6 49 148.1
6 50 141.4
7 8 152.9
7 9 176.3
7 10 147.9
7 11 134.0
7 12 158.4
7 13 151.4
7 14 189.4
7 15 150.0
7 16 186.7
7 17 133.2
7 18 114.7
7 19 138.4
7 20 162.0
7 21 130.2
7 22 161.0
7 23 133.7
7 24 183.3
7 25 155.0
7 26 160.2
7 27 164.8
7 28 141.6
7 29 147.8
7 30 135.8
7 31 168.9
7 32 166.9
7 33 167.8
7 34 125.6
7 35 184.4
7 36 121.0
7 37 193.3
7 38 145.5
7 39 145.7
7 40 148.5
7 41 134.3
7 42 166.6
7 43 127.1
7 44 123.5
7 45 162.5
7 46 152.2
7 47 152.6
7 48 140.4
7 49 137.3
7 50 174.4
8 9 171.0
8 10 169.2
8 11 115.3
8 12 121.9
8 13 135.5
8 14 159.4
8 15 155.8
8 16 145.3
8 17 139.1
8 18 113.1
8 19 137.3
8 20 104.3
8 21 167.8
8 22 119.2
8 23 93.8
8 24 111.3
8 25 133.9
8 26 110.1
8 27 129.1
8 28 148.2
8 29 141.1
8 30 137.4
8 31 135.7
8 32 116.6
8 33 136.5
8 34 128.8
8 35 125.4
8 36 119.9
8 37 151.0
8 38 174.3
8 39 131.8
8 40 131.6
8 41 127.9
8 42 125.1
8 43 125.0
8 44 90.8
8 45 127.2
8 46 128.9
8 47 143.9
8 48 107.0
8 49 121.1
8 50 109.9
9 10 192.0
9 11 142.3
9 12 126.6
9 13 106.9
9 14 127.4
9 15 144.8
9 16 156.5
9 17 148.7
9 18 155.7
9 19 135.8
9 20 187.0
9 21 196.5
9 22 128.6
9 23 153.9
9 24 137.0
9 25 170.2
9 26 152.9
9 27 168.7
9 28 167.4
9 29 150.1
9 30 165.6
9 31 173.6
9 32 185.8
9 33 140.8
9 34 180.2
9 35 153.9
9 36 174.6
9 37 158.1
9 38 169.9
9 39 187.4
9 40 185.6
9 41 197.9
9 42 168.7
9 43 173.4
9 44 161.3
9 45 105.6
9 46 188.5
9 47 179.0
9 48 172.7
9 49 150.6
9 50 177.9
10 11 218.0
10 12 176.8
10 13 151.7
10 14 156.6
10 15 189.4
10 16 233.0
10 17 201.7
10 18 150.0
10 19 205.5
10 20 173.0
10 21 133.6
10 22 179.1
10 23 177.4
10 24 152.1
10 25 198.4
10 26 212.1
10 27 151.4
10 28 185.8
10 29 146.1
10 30 163.1
10 31 194.5
10 32 154.9
10 33 143.0
10 34 174.2
10 35 190.4
10 36 178.5
10 37 202.4
10 38 169.9
10 39 204.9
10 40 168.7
10 41 144.2
10 42 178.5
10 43 164.6
10 44 129.5
10 45 207.7
10 46 168.4
10 47 160.7
10 48 180.3
10 49 202.5
10 50 180.8
11 12 124.2
11 13 131.3
11 14 180.4
11 15 115.3
11 16 124.0
11 17 83.6
11 18 139.3
11 19 82.9
11 20 135.8
11 21 190.9
11 22 132.7
11 23 79.8
11 24 159.4
11 25 117.6
11 26 90.6
11 27 168.9
11 28 119.3
11 29 165.0
11 30 149.4
11 31 128.8
11 32 171.1
11 33 179.5
11 34 128.6
11 35 157.2
11 36 109.2
11 37 164.1
11 38 169.5
11 39 127.5
11 40 144.3
11 41 152.8
11 42 157.6
11 43 136.8
11 44 141.4
11 45 97.7
11 46 137.8
11 47 154.8
11 48 112.1
11 49 80.2
11 50 146.4
12 13 119.4
12 14 179.7
12 15 141.3
12 16 155.1
12 17 167.3
12 18 166.6
12 19 156.6
12 20 131.9
12 21 152.4
12 22 136.1
12 23 131.7
12 24 114.2
12 25 167.9
12 26 105.1
12 27 134.1
12 28 169.4
12 29 168.2
12 30 170.8
12 31 157.1
12 32 168.2
12 33 155.9
12 34 154.7
12 35 153.2
12 36 140.8
12 37 125.1
12 38 197.3
12 39 143.0
12 40 189.4
12 41 169.9
12 42 152.8
12 43 167.2
12 44 114.2
12 45 121.8
12 46 132.4
12 47 163.7
12 48 154.4
12 49 101.0
12 50 144.0
13 14 133.5
13 15 107.1
13 16 148.2
13 17 117.3
13 18 138.6
13 19 132.4
13 20 164.9
13 21 170.9
13 22 128.7
13 23 120.5
13 24 113.2
13 25 153.8
13 26 119.5
13 27 139.0
13 28 139.6
13 29 139.5
13 30 161.8
13 31 159.2
13 32 143.9
13 33 126.4
13 34 109.7
13 35 140.8
13 36 133.5
13 37 155.8
13 38 125.1
13 39 171.8
13 40 140.6
13 41 159.3
13 42 112.2
13 43 132.5
13 44 114.9
13 45 123.3
13 46 158.1
13 47 156.3
13 48 137.7
13 49 141.4
13 50 147.8
14 15 158.0
14 16 161.4
14 17 164.8
14 18 131.0
14 19 129.2
14 20 183.8
14 21 188.1
14 22 122.3
14 23 152.2
14 24 123.4
14 25 143.1
14 26 194.8
14 27 145.9
14 28 154.9
14 29 119.3
14 30 145.9
14 31 149.5
14 32 173.2
14 33 96.8
14 34 187.3
14 35 146.0
14 36 189.4
14 37 170.6
14 38 129.5
14 39 189.4
14 40 159.2
14 41 155.4
14 42 141.4
14 43 176.9
14 44 158.3
14 45 141.9
14 46 159.9
14 47 141.2
14 48 145.7
14 49 183.0
14 50 162.1
15 16 139.6
15 17 107.0
15 18 167.4
15 19 119.6
15 20 152.4
15 21 159.8
15 22 135.7
15 23 120.9
15 24 148.3
15 25 156.8
15 26 154.3
15 27 144.9
15 28 151.7
15 29 122.2
15 30 155.8
15 31 129.6
15 32 153.9
15 33 142.8
15 34 138.5
15 35 149.9
15 36 134.8
15 37 165.2
15 38 136.1
15 39 145.6
15 40 167.1
15 41 153.1
15 42 153.1
15 43 123.5
15 44 149.7
15 45 120.7
15 46 130.3
15 47 123.0
15 48 130.6
15 49 126.3
15 50 164.7
16 17 142.4
16 18 161.8
16 19 110.7
16 20 182.9
16 21 196.7
16 22 86.4
16 23 151.0
16 24 154.2
16 25 150.2
16 26 137.0
16 27 159.3
16 28 185.2
16 29 149.8
16 30 171.7
16 31 115.3
16 32 213.1
16 33 160.4
16 34 141.7
16 35 163.6
16 36 172.4
16 37 141.9
16 38 156.0
16 39 176.7
16 40 192.9
16 41 207.5
16 42 133.3
16 43 160.9
16 44 154.2
16 45 126.9
16 46 161.2
16 47 147.7
16 48 139.4
16 49 155.0
16 50 140.1
17 18 124.2
17 19 97.1
17 20 151.5
17 21 186.9
17 22 132.5
17 23 84.9
17 24 165.5
17 25 135.3
17 26 130.0
17 27 161.1
17 28 133.1
17 29 149.6
17 30 126.5
17 31 145.5
17 32 162.1
17 33 171.0
17 34 116.3
17 35 145.1
17 36 112.7
17 37 187.7
17 38 138.5
17 39 144.4
17 40 103.0
17 41 159.7
17 42 164.0
17 43 130.4
17 44 157.4
17 45 123.2
17 46 167.5
17 47 154.2
17 48 104.3
17 49 137.9
17 50 148.4
18 19 122.4
18 20 157.3
18 21 169.4
18 22 122.7
18 23 121.0
18 24 142.5
18 25 125.3
18 26 146.4
18 27 140.2
18 28 141.9
18 29 122.2
18 30 85.0
18 31 153.0
18 32 137.7
18 33 126.1
18 34 131.0
18 35 136.5
18 36 155.8
18 37 182.0
18 38 139.9
18 39 135.2
18 40 113.7
18 41 138.5
18 42 134.5
18 43 139.9
18 44 107.2
18 45 132.0
18 46 161.5
18 47 146.0
18 48 111.1
18 49 157.2
18 50 122.2
19 20 161.7
19 21 190.3
19 22 122.0
19 23 94.9
19 24 154.0
19 25 92.9
19 26 130.5
19 27 163.5
19 28 93.0
19 29 148.2
19 30 145.7
19 31 109.5
19 32 188.5
19 33 155.2
19 34 137.1
19 35 158.6
19 36 136.4
19 37 158.7
19 38 122.6
19 39 146.5
19 40 136.8
19 41 136.9
19 42 134.4
19 43 151.3
19 44 150.8
19 45 106.2
19 46 130.3
19 47 134.2
19 48 105.7
19 49 109.6
19 50 154.8
20 21 146.4
20 22 161.9
20 23 110.0
20 24 114.6
20 25 169.0
20 26 152.9
20 27 143.5
20 28 163.0
20 29 162.9
20 30 137.7
20 31 129.1
20 32 141.5
20 33 170.3
20 34 160.5
20 35 124.5
20 36 131.1
20 37 137.1
20 38 212.1
20 39 150.5
20 40 153.0
20 41 136.3
20 42 185.7
20 43 153.7
20 44 153.5
20 45 171.8
20 46 120.3
20 47 115.1
20 48 151.7
20 49 111.4
20 50 161.0
21 22 156.2
21 23 167.9
21 24 154.1
21 25 207.9
21 26 202.4
21 27 111.7
21 28 209.6
21 29 146.6
21 30 154.4
21 31 183.4
21 32 177.6
21 33 142.0
21 34 168.5
21 35 156.2
21 36 140.6
21 37 158.6
21 38 169.7
21 39 161.0
21 40 187.1
21 41 165.6
21 42 176.1
21 43 168.0
21 44 152.8
21 45 196.6
21 46 152.6
21 47 143.8
21 48 166.3
21 49 171.0
21 50 184.4
22 23 130.0
22 24 129.7
22 25 148.3
22 26 143.1
22 27 107.2
22 28 184.4
22 29 101.8
22 30 125.1
22 31 128.6
22 32 173.1
22 33 114.0
22 34 144.7
22 35 136.1
22 36 150.7
22 37 148.1
22 38 137.1
22 39 146.3
22 40 158.2
22 41 181.2
22 42 136.1
22 43 142.0
22 44 120.0
22 45 100.7
22 46 157.0
22 47 143.7
22 48 104.8
22 49 162.7
22 50 97.5
23 24 131.3
23 25 123.6
23 26 103.1
23 27 128.1
23 28 102.3
23 29 155.2
23 30 135.2
23 31 126.6
23 32 149.1
23 33 159.6
23 34 120.5
23 35 137.6
23 36 88.9
23 37 158.1
23 38 146.8
23 39 116.6
23 40 80.7
23 41 105.1
23 42 149.5
23 43 142.6
23 44 130.9
23 45 112.7
23 46 127.1
23 47 146.0
23 48 74.8
23 49 101.3
23 50 125.9
24 25 175.4
24 26 138.9
24 27 107.9
24 28 165.8
24 29 138.1
24 30 153.0
24 31 133.1
24 32 141.1
24 33 107.8
24 34 145.5
24 35 92.3
24 36 162.4
24 37 87.1
24 38 172.0
24 39 169.9
24 40 158.6
24 41 153.8
24 42 125.6
24 43 161.7
24 44 128.9
24 45 146.4
24 46 142.7
24 47 123.7
24 48 155.8
24 49 134.6
24 50 147.2
25 26 157.5
25 27 188.9
25 28 107.4
25 29 169.7
25 30 140.5
25 31 142.9
25 32 182.7
25 33 171.5
25 34 172.0
25 35 183.8
25 36 158.8
25 37 205.2
25 38 165.5
25 39 152.0
25 40 158.9
25 41 139.3
25 42 146.1
25 43 170.3
25 44 145.1
25 45 139.1
25 46 111.6
25 47 149.5
25 48 116.7
25 49 139.4
25 50 147.2
26 27 156.7
26 28 144.3
26 29 189.3
26 30 178.1
26 31 149.4
26 32 182.3
26 33 187.1
26 34 105.1
26 35 164.9
26 36 139.2
26 37 147.1
26 38 183.4
26 39 148.5
26 40 149.2
26 41 172.9
26 42 142.1
26 43 164.5
26 44 120.7
26 45 117.6
26 46 164.0
26 47 183.2
26 48 132.3
26 49 108.7
26 50 129.4
27 28 195.2
27 29 129.9
27 30 136.2
27 31 157.7
27 32 159.6
27 33 111.7
27 34 149.3
27 35 117.4
27 36 149.2
27 37 137.5
27 38 148.1
27 39 121.5
27 40 145.3
27 41 156.8
27 42 144.3
27 43 174.3
27 44 127.5
27 45 140.8
27 46 154.0
27 47 151.7
27 48 111.2
27 49 166.5
27 50 114.0
28 29 185.8
28 30 178.7
28 31 143.4
28 32 182.7
28 33 184.9
28 34 148.6
28 35 191.5
28 36 143.1
28 37 188.0
28 38 152.3
28 39 176.4
28 40 131.5
28 41 96.7
28 42 154.3
28 43 165.2
28 44 155.9
28 45 154.0
28 46 130.2
28 47 155.9
28 48 140.7
28 49 111.7
28 50 187.9
29 30 117.9
29 31 135.8
29 32 125.6
29 33 82.0
29 34 157.9
29 35 138.9
29 36 171.3
29 37 172.8
29 38 133.6
29 39 161.8
29 40 172.1
29 41 158.1
29 42 150.8
29 43 101.0
29 44 121.9
29 45 131.8
29 46 156.8
29 47 112.6
29 48 140.2
29 49 174.1
29 50 147.7
30 31 152.8
30 32 143.2
30 33 139.9
30 34 168.4
30 35 127.3
30 36 167.9
30 37 191.7
30 38 176.4
30 39 121.5
30 40 142.0
30 41 163.0
30 42 180.3
30 43 157.1
30 44 143.6
30 45 144.6
30 46 155.8
30 47 130.4
30 48 121.8
30 49 168.8
30 50 123.6
31 32 190.0
31 33 166.8
31 34 142.5
31 35 167.8
31 36 174.5
31 37 131.9
31 38 170.5
31 39 172.6
31 40 170.5
31 41 149.9
31 42 164.1
31 43 147.6
31 44 148.9
31 45 146.6
31 46 111.6
31 47 80.3
31 48 140.8
31 49 126.9
31 50 146.1
32 33 123.7
32 34 168.9
32 35 128.8
32 36 159.6
32 37 203.3
32 38 188.5
32 39 158.5
32 40 162.3
32 41 142.2
32 42 161.8
32 43 115.8
32 44 126.3
32 45 160.8
32 46 170.0
32 47 159.8
32 48 160.2
32 49 167.5
32 50 170.8
33 34 168.5
33 35 108.9
33 36 170.0
33 37 154.0
33 38 127.9
33 39 161.9
33 40 174.2
33 41 155.8
33 42 111.1
33 43 141.7
33 44 124.1
33 45 137.2
33 46 159.3
33 47 137.3
33 48 147.1
33 49 172.7
33 50 159.0
34 35 163.6
34 36 129.5
34 37 155.8
34 38 131.3
34 39 173.5
34 40 128.7
34 41 160.6
34 42 121.7
34 43 120.4
34 44 114.5
34 45 160.8
34 46 167.8
34 47 151.6
34 48 135.6
34 49 144.0
34 50 148.4
35 36 155.9
35 37 130.2
35 38 177.3
35 39 149.8
35 40 155.5
35 41 176.1
35 42 145.1
35 43 164.7
35 44 162.9
35 45 150.0
35 46 173.8
35 47 142.7
35 48 152.7
35 49 152.1
35 50 164.2
36 37 175.4
36 38 151.6
36 39 149.3
36 40 123.0
36 41 134.8
36 42 157.2
36 43 132.9
36 44 146.1
36 45 155.7
36 46 150.6
36 47 170.4
36 48 119.3
36 49 122.3
36 50 172.3
37 38 191.5
37 39 192.7
37 40 198.4
37 41 189.0
37 42 151.4
37 43 187.3
37 44 167.8
37 45 170.1
37 46 160.8
37 47 136.8
37 48 186.9
37 49 128.0
37 50 186.7
38 39 184.4
38 40 141.5
38 41 153.0
38 42 117.0
38 43 149.6
38 44 151.3
38 45 156.9
38 46 178.2
38 47 165.5
38 48 127.9
38 49 186.1
38 50 177.9
39 40 158.8
39 41 148.3
39 42 173.0
39 43 182.2
39 44 140.2
39 45 117.0
39 46 141.9
39 47 173.4
39 48 94.7
39 49 138.2
39 50 123.7
40 41 127.8
40 42 169.1
40 43 164.5
40 44 156.5
40 45 161.8
40 46 181.3
40 47 177.7
40 48 101.4
40 49 169.2
40 50 147.2
41 42 157.5
41 43 152.8
41 44 135.9
41 45 165.5
41 46 109.4
41 47 140.6
41 48 125.6
41 49 129.8
41 50 175.6
42 43 152.0
42 44 111.9
42 45 150.6
42 46 150.2
42 47 156.7
42 48 141.4
42 49 154.2
42 50 158.2
43 44 116.6
43 45 152.9
43 46 162.6
43 47 134.0
43 48 153.5
43 49 152.1
43 50 172.9
44 45 127.5
44 46 133.3
44 47 149.1
44 48 121.8
44 49 142.9
44 50 106.7
45 46 159.2
45 47 171.9
45 48 107.8
45 49 129.0
45 50 122.6
46 47 100.2
46 48 134.0
46 49 109.9
46 50 155.2
47 48 157.6
47 49 136.5
47 50 169.0
48 49 147.8
48 50 89.9
49 50 176.8
1 1240.0 1.62 876.0
2 1106.0 5.21 889.0
3 161.0 0.96 298.0
4 103.0 0.01 102.0
5 358.0 1.31 248.0
6 277.0 0.41 356.0
7 1279.0 5.55 773.0
8 637.0 0.27 865.0
9 585.0 2.83 603.0
10 654.0 1.18 544.0
11 495.0 4.75 277.0
12 610.0 1.67 373.0
13 1050.0 7.91 603.0
14 955.0 0.29 897.0
15 1501.0 3.63 897.0
16 529.0 5.06 467.0
17 625.0 5.91 721.0
18 484.0 3.28 411.0
19 482.0 4.04 375.0
20 69.0 0.03 103.0
21 466.0 2.42 694.0
22 681.0 0.08 709.0
23 271.0 1.37 495.0
24 1109.0 4.12 730.0
25 800.0 4.07 419.0
26 226.0 1.17 117.0
27 851.0 2.68 928.0
28 284.0 2.44 224.0
29 99.0 0.94 150.0
30 381.0 0.5 499.0
31 418.0 3.01 650.0
32 468.0 4.67 377.0
33 476.0 4.43 387.0
34 285.0 1.4 300.0
35 470.0 3.22 478.0
36 1239.0 8.61 634.0
37 907.0 7.88 655.0
38 438.0 3.45 250.0
39 1273.0 0.88 850.0
40 519.0 0.32 610.0
41 289.0 1.33 146.0
42 178.0 0.39 126.0
43 814.0 4.48 982.0
44 161.0 0.55 100.0
45 541.0 3.08 375.0
46 1139.0 2.2 878.0
47 692.0 6.74 919.0
48 71.0 0.25 95.0
49 202.0 1.31 288.0
50 516.0 2.45 293.0
8839 13119 5007
