50
1 2 81.7
1 3 133.4
1 4 135.1
1 5 99.1
1 6 129.4
1 7 114.1
1 8 104.6
1 9 106.0
1 10 137.1
1 11 154.3
1 12 134.2
1 13 102.0
1 14 102.8
1 15 114.4
1 16 118.5
1 17 110.2
1 18 134.1
1 19 108.1
1 20 51.2
1 21 129.6
1 22 81.6
1 23 121.9
1 24 119.1
1 25 80.0
1 26 123.0
1 27 72.7
1 28 89.3
1 29 120.1
1 30 145.7
1 31 112.9
1 32 125.1
1 33 76.0
1 34 109.4
1 35 91.6
1 36 142.6
1 37 72.9
1 38 121.4
1 39 138.4
1 40 121.2
1 41 132.1
1 42 115.2
1 43 122.2
1 44 110.2
1 45 98.4
1 46 123.2
1 47 129.0
1 48 100.7
1 49 113.9
1 50 154.8
2 3 87.5
2 4 124.6
2 5 73.3
2 6 61.1
2 7 104.0
2 8 117.3
2 9 118.1
2 10 129.7
2 11 106.6
2 12 100.6
2 13 104.5
2 14 104.5
2 15 92.5
2 16 112.1
2 17 79.9
2 18 71.9
2 19 92.2
2 20 57.4
2 21 70.4
2 22 89.8
2 23 125.4
2 24 101.2
2 25 88.4
2 26 144.9
2 27 93.7
2 28 106.7
2 29 118.7
2 30 98.7
2 31 112.3
2 32 133.6
2 33 113.0
2 34 73.9
2 35 82.4
2 36 101.0
2 37 95.1
2 38 109.9
2 39 111.1
2 40 108.5
2 41 128.1
2 42 94.5
2 43 111.5
2 44 61.5
2 45 88.6
2 46 83.8
2 47 110.2
2 48 97.0
2 49 88.7
2 50 116.7
3 4 137.4
3 5 109.0
3 6 99.7
3 7 82.5
3 8 116.6
3 9 104.4
3 10 85.8
3 11 68.3
3 12 99.3
3 13 100.4
3 14 100.7
3 15 118.3
3 16 107.0
3 17 96.8
3 18 80.0
3 19 90.2
3 20 116.2
3 21 72.2
3 22 115.4
3 23 106.9
3 24 110.8
3 25 108.5
3 26 121.6
3 27 131.3
3 28 103.4
3 29 133.8
3 30 76.7
3 31 123.7
3 32 137.1
3 33 124.6
3 34 91.9
3 35 94.0
3 36 68.6
3 37 112.2
3 38 105.9
3 39 68.8
3 40 102.5
3 41 122.2
3 42 129.1
3 43 90.2
3 44 85.2
3 45 90.4
3 46 114.8
3 47 129.0
3 48 134.7
3 49 74.6
3 50 93.5
4 5 139.0
4 6 137.5
4 7 162.7
4 8 102.7
4 9 139.4
4 10 174.9
4 11 135.2
4 12 174.1
4 13 120.2
4 14 108.9
4 15 110.3
4 16 136.5
4 17 105.2
4 18 142.4
4 19 153.8
4 20 107.2
4 21 130.6
4 22 91.5
4 23 85.6
4 24 174.1
4 25 72.1
4 26 171.3
4 27 136.3
4 28 115.2
4 29 106.6
4 30 142.6
4 31 150.1
4 32 102.5
4 33 117.6
4 34 173.9
4 35 139.1
4 36 121.7
4 37 152.5
4 38 129.7
4 39 121.3
4 40 175.9
4 41 96.9
4 42 119.1
4 43 104.4
4 44 121.0
4 45 139.5
4 46 116.9
4 47 143.2
4 48 155.5
4 49 155.6
4 50 134.7
5 6 83.3
5 7 126.6
5 8 98.3
5 9 140.9
5 10 117.1
5 11 125.9
5 12 106.0
5 13 128.3
5 14 122.3
5 15 88.4
5 16 140.1
5 17 116.2
5 18 73.3
5 19 96.0
5 20 89.6
5 21 110.0
5 22 103.4
5 23 127.5
5 24 112.8
5 25 115.3
5 26 119.0
5 27 117.4
5 28 106.3
5 29 133.9
5 30 95.2
5 31 102.2
5 32 141.4
5 33 128.7
5 34 115.2
5 35 86.6
5 36 95.1
5 37 124.4
5 38 124.2
5 39 105.7
5 40 134.6
5 41 99.8
5 42 92.2
5 43 115.9
5 44 42.5
5 45 72.9
5 46 114.7
5 47 83.7
5 48 77.4
5 49 105.6
5 50 109.4
6 7 132.0
6 8 127.1
6 9 160.7
6 10 157.3
6 11 112.0
6 12 105.2
6 13 120.2
6 14 125.2
6 15 110.3
6 16 153.6
6 17 107.7
6 18 64.6
6 19 110.3
6 20 95.0
6 21 100.4
6 22 115.6
6 23 149.9
6 24 146.4
6 25 121.2
6 26 171.6
6 27 120.3
6 28 133.1
6 29 140.7
6 30 83.8
6 31 150.4
6 32 164.7
6 33 143.4
6 34 119.6
6 35 113.0
6 36 104.3
6 37 143.4
6 38 127.0
6 39 107.6
6 40 131.2
6 41 133.1
6 42 118.2
6 43 124.1
6 44 58.3
6 45 105.6
6 46 78.0
6 47 124.3
6 48 101.6
6 49 122.5
6 50 109.6
7 8 125.4
7 9 108.0
7 10 101.5
7 11 131.1
7 12 136.8
7 13 86.2
7 14 110.4
7 15 132.5
7 16 80.3
7 17 95.9
7 18 133.7
7 19 111.6
7 20 119.8
7 21 103.9
7 22 122.1
7 23 123.3
7 24 104.8
7 25 116.1
7 26 107.8
7 27 126.0
7 28 94.3
7 29 118.6
7 30 104.8
7 31 143.5
7 32 155.4
7 33 111.8
7 34 100.2
7 35 82.9
7 36 110.8
7 37 89.6
7 38 122.5
7 39 122.4
7 40 123.2
7 41 140.8
7 42 162.2
7 43 117.0
7 44 120.5
7 45 120.2
7 46 147.9
7 47 138.2
7 48 159.3
7 49 54.5
7 50 138.3
8 9 128.2
8 10 129.7
8 11 137.4
8 12 145.3
8 13 83.8
8 14 81.7
8 15 112.3
8 16 139.6
8 17 112.7
8 18 131.6
8 19 105.7
8 20 96.4
8 21 144.5
8 22 68.5
8 23 82.0
8 24 157.9
8 25 84.4
8 26 104.1
8 27 117.8
8 28 68.2
8 29 119.2
8 30 111.3
8 31 133.7
8 32 126.0
8 33 84.9
8 34 156.0
8 35 106.3
8 36 103.0
8 37 130.1
8 38 125.2
8 39 80.4
8 40 147.8
8 41 59.9
8 42 131.7
8 43 87.8
8 44 97.3
8 45 88.2
8 46 131.0
8 47 134.8
8 48 106.5
8 49 127.3
8 50 122.8
9 10 102.4
9 11 103.9
9 12 121.6
9 13 125.8
9 14 124.7
9 15 114.4
9 16 92.8
9 17 118.7
9 18 135.7
9 19 101.3
9 20 114.9
9 21 124.0
9 22 122.8
9 23 90.3
9 24 110.8
9 25 100.7
9 26 114.4
9 27 114.9
9 28 80.6
9 29 148.4
9 30 136.5
9 31 96.4
9 32 76.5
9 33 108.0
9 34 110.0
9 35 122.7
9 36 128.9
9 37 66.1
9 38 81.5
9 39 131.0
9 40 91.9
9 41 154.0
9 42 124.0
9 43 83.0
9 44 135.8
9 45 102.5
9 46 134.9
9 47 139.4
9 48 150.3
9 49 103.9
9 50 159.5
10 11 122.2
10 12 122.9
10 13 140.2
10 14 136.6
10 15 134.2
10 16 115.5
10 17 140.5
10 18 120.9
10 19 100.8
10 20 147.3
10 21 121.2
10 22 137.9
10 23 125.0
10 24 94.5
10 25 141.0
10 26 84.3
10 27 147.4
10 28 115.1
10 29 150.9
10 30 120.9
10 31 113.6
10 32 142.0
10 33 140.1
10 34 111.2
10 35 111.3
10 36 113.2
10 37 119.6
10 38 124.1
10 39 107.0
10 40 124.0
10 41 132.0
10 42 147.9
10 43 120.3
10 44 120.8
10 45 89.7
10 46 164.4
10 47 131.8
10 48 148.3
10 49 85.1
10 50 116.8
11 12 87.0
11 13 139.7
11 14 133.0
11 15 110.8
11 16 134.9
11 17 121.4
11 18 76.7
11 19 104.7
11 20 129.6
11 21 98.7
11 22 143.0
11 23 106.3
11 24 136.1
11 25 123.2
11 26 148.2
11 27 146.1
11 28 112.4
11 29 170.6
11 30 90.7
11 31 111.7
11 32 113.0
11 33 149.3
11 34 119.5
11 35 129.8
11 36 81.4
11 37 124.2
11 38 90.7
11 39 98.1
11 40 97.6
11 41 149.0
11 42 107.3
11 43 73.4
11 44 98.1
11 45 104.0
11 46 103.9
11 47 127.7
11 48 141.5
11 49 117.2
11 50 129.0
12 13 145.0
12 14 141.6
12 15 130.3
12 16 166.0
12 17 157.5
12 18 67.5
12 19 99.8
12 20 117.8
12 21 130.7
12 22 154.8
12 23 145.7
12 24 143.9
12 25 138.4
12 26 139.0
12 27 112.7
12 28 123.3
12 29 185.3
12 30 113.0
12 31 113.5
12 32 140.2
12 33 141.3
12 34 119.0
12 35 122.6
12 36 122.5
12 37 113.4
12 38 91.3
12 39 113.6
12 40 56.6
12 41 165.5
12 42 104.8
12 43 102.8
12 44 91.3
12 45 85.6
12 46 92.4
12 47 116.1
12 48 96.2
12 49 133.5
12 50 133.1
13 14 48.8
13 15 143.3
13 16 123.9
13 17 102.0
13 18 138.9
13 19 124.7
13 20 86.9
13 21 125.2
13 22 85.4
13 23 104.4
13 24 158.8
13 25 71.0
13 26 123.4
13 27 100.8
13 28 85.9
13 29 104.6
13 30 122.7
13 31 158.2
13 32 150.3
13 33 59.0
13 34 138.7
13 35 87.2
13 36 115.4
13 37 108.3
13 38 128.2
13 39 93.1
13 40 131.2
13 41 108.0
13 42 152.7
13 43 104.5
13 44 112.5
13 45 119.5
13 46 121.5
13 47 151.5
13 48 132.8
13 49 115.5
13 50 125.9
14 15 148.4
14 16 135.9
14 17 113.3
14 18 130.7
14 19 133.3
14 20 79.7
14 21 117.7
14 22 87.5
14 23 89.6
14 24 159.0
14 25 55.8
14 26 116.4
14 27 111.7
14 28 90.0
14 29 119.1
14 30 137.3
14 31 137.3
14 32 142.2
14 33 56.0
14 34 139.0
14 35 76.7
14 36 103.8
14 37 109.3
14 38 137.5
14 39 81.3
14 40 132.5
14 41 96.1
14 42 130.2
14 43 103.0
14 44 103.4
14 45 118.2
14 46 124.0
14 47 144.4
14 48 122.9
14 49 126.6
14 50 121.6
15 16 105.9
15 17 89.3
15 18 102.5
15 19 95.1
15 20 108.5
15 21 114.3
15 22 103.5
15 23 110.1
15 24 109.8
15 25 114.0
15 26 147.5
15 27 124.7
15 28 98.3
15 29 122.4
15 30 87.9
15 31 111.6
15 32 93.3
15 33 143.3
15 34 126.4
15 35 129.2
15 36 109.0
15 37 125.6
15 38 90.2
15 39 132.3
15 40 143.5
15 41 120.8
15 42 102.6
15 43 95.3
15 44 92.6
15 45 92.8
15 46 111.3
15 47 100.2
15 48 130.6
15 49 104.8
15 50 136.1
16 17 72.4
16 18 147.8
16 19 124.9
16 20 128.1
16 21 94.2
16 22 115.5
16 23 112.7
16 24 81.0
16 25 112.0
16 26 137.4
16 27 141.2
16 28 106.9
16 29 99.7
16 30 124.9
16 31 134.4
16 32 122.6
16 33 132.6
16 34 104.7
16 35 114.8
16 36 123.5
16 37 102.3
16 38 121.7
16 39 148.4
16 40 152.5
16 41 143.7
16 42 153.3
16 43 123.5
16 44 137.8
16 45 133.8
16 46 156.9
16 47 140.3
16 48 183.3
16 49 62.9
16 50 151.3
17 18 124.6
17 19 108.2
17 20 98.9
17 21 79.7
17 22 78.5
17 23 108.2
17 24 106.6
17 25 92.4
17 26 154.4
17 27 134.6
17 28 102.0
17 29 96.3
17 30 97.2
17 31 139.7
17 32 132.5
17 33 126.2
17 34 102.0
17 35 109.0
17 36 99.5
17 37 117.7
17 38 128.4
17 39 124.7
17 40 153.1
17 41 120.7
17 42 138.6
17 43 114.5
17 44 107.0
17 45 120.3
17 46 129.1
17 47 143.3
17 48 154.0
17 49 76.5
17 50 138.0
18 19 100.7
18 20 107.2
18 21 88.7
18 22 131.1
18 23 134.0
18 24 124.2
18 25 124.3
18 26 147.3
18 27 125.8
18 28 126.3
18 29 155.1
18 30 85.8
18 31 110.5
18 32 139.1
18 33 146.9
18 34 107.6
18 35 107.1
18 36 86.6
18 37 130.7
18 38 106.4
18 39 94.8
18 40 107.2
18 41 131.9
18 42 86.0
18 43 105.7
18 44 47.0
18 45 84.4
18 46 84.4
18 47 96.2
18 48 98.6
18 49 114.4
18 50 96.4
19 20 110.7
19 21 125.4
19 22 98.9
19 23 128.6
19 24 110.5
19 25 126.0
19 26 129.2
19 27 115.1
19 28 98.0
19 29 152.1
19 30 84.9
19 31 121.9
19 32 131.3
19 33 132.0
19 34 93.4
19 35 128.0
19 36 117.2
19 37 113.1
19 38 100.3
19 39 104.0
19 40 98.0
19 41 137.3
19 42 134.9
19 43 101.4
19 44 100.8
19 45 44.5
19 46 120.7
19 47 145.8
19 48 100.9
19 49 93.1
19 50 132.7
20 21 109.5
20 22 75.1
20 23 109.7
20 24 133.9
20 25 55.3
20 26 136.4
20 27 70.6
20 28 89.6
20 29 117.4
20 30 129.8
20 31 113.1
20 32 120.9
20 33 72.5
20 34 112.1
20 35 82.7
20 36 119.6
20 37 85.3
20 38 113.5
20 39 115.4
20 40 113.8
20 41 118.8
20 42 90.9
20 43 105.0
20 44 82.5
20 45 97.4
20 46 87.2
20 47 118.7
20 48 86.0
20 49 120.2
20 50 135.1
21 22 120.7
21 23 123.2
21 24 89.9
21 25 107.7
21 26 152.4
21 27 144.5
21 28 128.5
21 29 123.2
21 30 109.2
21 31 119.4
21 32 143.3
21 33 142.2
21 34 79.4
21 35 90.6
21 36 83.8
21 37 117.2
21 38 132.8
21 39 117.7
21 40 137.8
21 41 135.5
21 42 115.1
21 43 124.9
21 44 89.5
21 45 124.3
21 46 124.1
21 47 121.0
21 48 153.1
21 49 77.7
21 50 115.0
22 23 105.3
22 24 135.5
22 25 70.8
22 26 140.8
22 27 103.0
22 28 95.5
22 29 90.0
22 30 121.5
22 31 141.5
22 32 128.1
22 33 90.2
22 34 126.3
22 35 112.1
22 36 121.7
22 37 123.9
22 38 129.3
22 39 102.5
22 40 149.4
22 41 87.6
22 42 133.2
22 43 113.8
22 44 103.6
22 45 92.5
22 46 120.7
22 47 150.2
22 48 112.9
22 49 114.0
22 50 121.6
23 24 145.1
23 25 71.9
23 26 103.5
23 27 136.7
23 28 58.7
23 29 130.2
23 30 124.8
23 31 102.9
23 32 79.6
23 33 95.0
23 34 151.1
23 35 105.6
23 36 86.2
23 37 108.7
23 38 109.0
23 39 100.4
23 40 140.0
23 41 95.1
23 42 111.0
23 43 58.3
23 44 113.7
23 45 116.1
23 46 135.9
23 47 122.2
23 48 148.5
23 49 121.7
23 50 141.3
24 25 142.7
24 26 135.0
24 27 152.9
24 28 130.8
24 29 143.3
24 30 128.7
24 31 106.1
24 32 145.2
24 33 160.3
24 34 65.8
24 35 113.3
24 36 126.1
24 37 108.5
24 38 138.9
24 39 155.5
24 40 144.0
24 41 159.5
24 42 138.0
24 43 146.4
24 44 123.6
24 45 116.6
24 46 165.8
24 47 129.1
24 48 161.9
24 49 59.0
24 50 152.9
25 26 127.8
25 27 89.9
25 28 77.3
25 29 98.3
25 30 134.1
25 31 118.7
25 32 99.9
25 33 54.7
25 34 131.4
25 35 86.8
25 36 109.1
25 37 92.4
25 38 109.8
25 39 102.3
25 40 128.0
25 41 99.0
25 42 102.4
25 43 86.9
25 44 99.9
25 45 111.4
25 46 101.5
25 47 125.3
25 48 122.1
25 49 121.5
25 50 127.2
26 27 145.2
26 28 82.2
26 29 159.3
26 30 140.5
26 31 107.4
26 32 141.7
26 33 109.8
26 34 149.3
26 35 91.0
26 36 115.6
26 37 107.4
26 38 137.1
26 39 118.2
26 40 137.0
26 41 119.3
26 42 144.7
26 43 110.7
26 44 125.9
26 45 111.3
26 46 175.2
26 47 121.9
26 48 142.7
26 49 115.1
26 50 150.9
27 28 107.5
27 29 121.4
27 30 142.9
27 31 144.1
27 32 125.5
27 33 78.3
27 34 135.1
27 35 116.6
27 36 156.9
27 37 96.2
27 38 90.0
27 39 129.8
27 40 100.2
27 41 143.7
27 42 124.2
27 43 114.2
27 44 114.5
27 45 98.9
27 46 82.0
27 47 131.9
27 48 99.6
27 49 138.6
27 50 134.8
28 29 129.1
28 30 106.0
28 31 100.3
28 32 93.8
28 33 76.9
28 34 131.7
28 35 89.7
28 36 95.4
28 37 78.1
28 38 92.2
28 39 104.1
28 40 113.4
28 41 106.0
28 42 115.5
28 43 55.5
28 44 102.6
28 45 91.8
28 46 125.4
28 47 114.3
28 48 122.2
28 49 101.6
28 50 146.2
29 30 140.2
29 31 175.1
29 32 147.7
29 33 115.8
29 34 155.0
29 35 120.3
29 36 142.9
29 37 146.3
29 38 140.2
29 39 137.1
29 40 183.7
29 41 103.6
29 42 161.5
29 43 142.4
29 44 130.3
29 45 142.2
29 46 140.8
29 47 142.8
29 48 169.9
29 49 119.8
29 50 114.7
30 31 143.0
30 32 146.4
30 33 151.1
30 34 124.6
30 35 121.1
30 36 78.4
30 37 141.0
30 38 106.8
30 39 96.6
30 40 132.7
30 41 121.7
30 42 139.9
30 43 95.1
30 44 81.5
30 45 93.0
30 46 116.7
30 47 122.5
30 48 134.0
30 49 90.6
30 50 113.3
31 32 100.4
31 33 136.0
31 34 116.8
31 35 105.1
31 36 108.3
31 37 93.7
31 38 122.3
31 39 138.0
31 40 120.7
31 41 144.4
31 42 69.9
31 43 105.6
31 44 105.6
31 45 105.6
31 46 146.3
31 47 97.8
31 48 126.5
31 49 120.7
31 50 163.0
32 33 124.7
32 34 156.6
32 35 145.4
32 36 134.9
32 37 112.4
32 38 79.2
32 39 142.2
32 40 132.7
32 41 141.2
32 42 98.8
32 43 77.1
32 44 134.9
32 45 118.4
32 46 124.7
32 47 122.4
32 48 154.0
32 49 144.3
32 50 161.8
33 34 147.0
33 35 90.0
33 36 134.8
33 37 88.3
33 38 119.2
33 39 110.8
33 40 122.4
33 41 113.8
33 42 132.0
33 43 101.0
33 44 120.9
33 45 115.4
33 46 122.1
33 47 140.8
33 48 120.5
33 49 134.3
33 50 141.4
34 35 108.9
34 36 125.2
34 37 96.1
34 38 136.3
34 39 140.2
34 40 110.7
34 41 169.4
34 42 135.6
34 43 141.8
34 44 114.1
34 45 107.2
34 46 141.2
34 47 149.0
34 48 138.9
34 49 71.2
34 50 150.1
35 36 87.2
35 37 86.7
35 38 132.7
35 39 106.4
35 40 127.2
35 41 108.3
35 42 110.9
35 43 112.4
35 44 78.7
35 45 112.8
35 46 131.4
35 47 96.0
35 48 121.8
35 49 89.4
35 50 122.2
36 37 129.4
36 38 128.0
36 39 80.0
36 40 140.2
36 41 97.8
36 42 111.0
36 43 86.7
36 44 70.7
36 45 109.2
36 46 131.5
36 47 107.2
36 48 138.3
36 49 95.5
36 50 113.1
37 38 101.7
37 39 140.4
37 40 85.5
37 41 158.0
37 42 116.0
37 43 101.7
37 44 121.7
37 45 111.8
37 46 129.2
37 47 124.1
37 48 133.2
37 49 98.7
37 50 166.5
38 39 121.0
38 40 87.0
38 41 146.9
38 42 112.8
38 43 65.4
38 44 112.8
38 45 92.0
38 46 84.0
38 47 111.3
38 48 131.8
38 49 123.2
38 50 132.7
39 40 124.7
39 41 84.4
39 42 130.4
39 43 88.7
39 44 82.5
39 45 84.1
39 46 114.9
39 47 137.6
39 48 111.6
39 49 122.6
39 50 76.0
40 41 179.0
40 42 125.9
40 43 101.2
40 44 122.0
40 45 95.8
40 46 105.0
40 47 144.7
40 48 115.4
40 49 130.6
40 50 154.8
41 42 134.6
41 43 114.0
41 44 96.0
41 45 112.7
41 46 145.3
41 47 125.7
41 48 132.1
41 49 134.2
41 50 97.1
42 43 103.3
42 44 81.5
42 45 110.3
42 46 101.1
42 47 81.8
42 48 106.8
42 49 144.7
42 50 142.6
43 44 97.5
43 45 91.1
43 46 100.4
43 47 111.6
43 48 125.9
43 49 119.2
43 50 131.0
44 45 79.4
44 46 89.7
44 47 82.4
44 48 83.6
44 49 105.9
44 50 91.8
45 46 106.7
45 47 121.2
45 48 73.6
45 49 104.8
45 50 107.9
46 47 123.4
46 48 104.7
46 49 148.5
46 50 118.4
47 48 133.5
47 49 126.9
47 50 130.0
48 49 153.2
48 50 135.1
49 50 131.0
1 230.0 0.75 247.0
2 570.0 4.88 368.0
3 971.0 3.86 862.0
4 418.0 3.82 327.0
5 1402.0 2.93 950.0
6 791.0 7.45 795.0
7 399.0 2.41 447.0
8 663.0 4.67 917.0
9 800.0 4.72 893.0
10 1498.0 2.78 792.0
11 548.0 1.55 618.0
12 1517.0 11.26 819.0
13 384.0 1.91 257.0
14 747.0 4.59 460.0
15 693.0 6.07 436.0
16 176.0 0.77 286.0
17 551.0 1.45 572.0
18 736.0 4.96 394.0
19 1363.0 6.47 764.0
20 534.0 3.92 354.0
21 423.0 1.8 386.0
22 985.0 0.08 818.0
23 273.0 2.41 369.0
24 411.0 3.0 345.0
25 732.0 0.67 916.0
26 144.0 1.02 151.0
27 794.0 2.16 814.0
28 1638.0 7.15 981.0
29 516.0 2.62 426.0
30 503.0 2.6 854.0
31 453.0 4.29 781.0
32 1134.0 5.44 672.0
33 290.0 1.97 574.0
34 1391.0 4.4 994.0
35 187.0 1.09 350.0
36 1000.0 2.97 523.0
37 576.0 2.11 788.0
38 207.0 1.91 148.0
39 578.0 1.01 792.0
40 613.0 3.68 681.0
41 401.0 0.37 291.0
42 516.0 0.21 409.0
43 1627.0 12.61 851.0
44 403.0 3.39 548.0
45 349.0 2.96 221.0
46 800.0 5.84 638.0
47 987.0 7.83 833.0
48 1179.0 7.25 792.0
49 26.0 0.12 32.0
50 1284.0 2.63 948.0
10623 15684 8845
