50
1 2 9.0
1 3 5.0
1 4 3.0
1 5 5.0
1 6 1.0
1 7 5.0
1 8 0.0
1 9 7.0
1 10 6.0
1 11 3.0
1 12 2.0
1 13 6.0
1 14 6.0
1 15 4.0
1 16 7.0
1 17 2.0
1 18 2.0
1 19 8.0
1 20 3.0
1 21 4.0
1 22 1.0
1 23 9.0
1 24 7.0
1 25 2.0
1 26 7.0
1 27 5.0
1 28 7.0
1 29 0.0
1 30 1.0
1 31 6.0
1 32 1.0
1 33 5.0
1 34 9.0
1 35 2.0
1 36 1.0
1 37 4.0
1 38 4.0
1 39 0.0
1 40 4.0
1 41 7.0
1 42 5.0
1 43 0.0
1 44 2.0
1 45 4.0
1 46 9.0
1 47 4.0
1 48 1.0
1 49 6.0
1 50 2.0
2 3 1.0
2 4 7.0
2 5 1.0
2 6 1.0
2 7 3.0
2 8 4.0
2 9 1.0
2 10 3.0
2 11 0.0
2 12 0.0
2 13 1.0
2 14 8.0
2 15 4.0
2 16 4.0
2 17 4.0
2 18 6.0
2 19 7.0
2 20 0.0
2 21 4.0
2 22 3.0
2 23 0.0
2 24 4.0
2 25 2.0
2 26 3.0
2 27 7.0
2 28 3.0
2 29 7.0
2 30 1.0
2 31 4.0
2 32 2.0
2 33 6.0
2 34 0.0
2 35 1.0
2 36 9.0
2 37 0.0
2 38 8.0
2 39 7.0
2 40 3.0
2 41 8.0
2 42 0.0
2 43 9.0
2 44 9.0
2 45 7.0
2 46 0.0
2 47 5.0
2 48 9.0
2 49 8.0
2 50 6.0
3 4 1.0
3 5 5.0
3 6 2.0
3 7 2.0
3 8 0.0
3 9 6.0
3 10 5.0
3 11 5.0
3 12 4.0
3 13 6.0
3 14 7.0
3 15 9.0
3 16 6.0
3 17 1.0
3 18 0.0
3 19 4.0
3 20 6.0
3 21 4.0
3 22 0.0
3 23 8.0
3 24 6.0
3 25 7.0
3 26 1.0
3 27 5.0
3 28 3.0
3 29 9.0
3 30 3.0
3 31 2.0
3 32 2.0
3 33 4.0
3 34 9.0
3 35 6.0
3 36 4.0
3 37 9.0
3 38 5.0
3 39 7.0
3 40 1.0
3 41 5.0
3 42 0.0
3 43 9.0
3 44 4.0
3 45 2.0
3 46 9.0
3 47 3.0
3 48 3.0
3 49 6.0
3 50 6.0
4 5 1.0
4 6 6.0
4 7 2.0
4 8 6.0
4 9 2.0
4 10 0.0
4 11 7.0
4 12 8.0
4 13 4.0
4 14 8.0
4 15 7.0
4 16 5.0
4 17 2.0
4 18 5.0
4 19 1.0
4 20 2.0
4 21 0.0
4 22 0.0
4 23 0.0
4 24 4.0
4 25 9.0
4 26 0.0
4 27 1.0
4 28 5.0
4 29 5.0
4 30 9.0
4 31 2.0
4 32 7.0
4 33 0.0
4 34 0.0
4 35 6.0
4 36 7.0
4 37 7.0
4 38 3.0
4 39 5.0
4 40 0.0
4 41 0.0
4 42 0.0
4 43 1.0
4 44 2.0
4 45 7.0
4 46 1.0
4 47 0.0
4 48 3.0
4 49 0.0
4 50 5.0
5 6 8.0
5 7 5.0
5 8 2.0
5 9 1.0
5 10 5.0
5 11 0.0
5 12 7.0
5 13 4.0
5 14 9.0
5 15 9.0
5 16 6.0
5 17 8.0
5 18 3.0
5 19 4.0
5 20 5.0
5 21 1.0
5 22 1.0
5 23 0.0
5 24 0.0
5 25 1.0
5 26 5.0
5 27 5.0
5 28 0.0
5 29 6.0
5 30 4.0
5 31 3.0
5 32 1.0
5 33 4.0
5 34 2.0
5 35 3.0
5 36 7.0
5 37 2.0
5 38 7.0
5 39 4.0
5 40 8.0
5 41 3.0
5 42 1.0
5 43 3.0
5 44 7.0
5 45 4.0
5 46 1.0
5 47 0.0
5 48 0.0
5 49 2.0
5 50 6.0
6 7 5.0
6 8 7.0
6 9 8.0
6 10 3.0
6 11 0.0
6 12 5.0
6 13 6.0
6 14 0.0
6 15 0.0
6 16 8.0
6 17 3.0
6 18 0.0
6 19 3.0
6 20 6.0
6 21 9.0
6 22 8.0
6 23 7.0
6 24 8.0
6 25 7.0
6 26 0.0
6 27 6.0
6 28 7.0
6 29 8.0
6 30 5.0
6 31 5.0
6 32 0.0
6 33 3.0
6 34 1.0
6 35 9.0
6 36 9.0
6 37 7.0
6 38 8.0
6 39 4.0
6 40 6.0
6 41 6.0
6 42 9.0
6 43 2.0
6 44 6.0
6 45 0.0
6 46 3.0
6 47 3.0
6 48 1.0
6 49 8.0
6 50 4.0
7 8 3.0
7 9 2.0
7 10 1.0
7 11 3.0
7 12 5.0
7 13 3.0
7 14 5.0
7 15 7.0
7 16 2.0
7 17 4.0
7 18 2.0
7 19 8.0
7 20 4.0
7 21 8.0
7 22 4.0
7 23 3.0
7 24 7.0
7 25 1.0
7 26 8.0
7 27 5.0
7 28 7.0
7 29 2.0
7 30 8.0
7 31 9.0
7 32 7.0
7 33 5.0
7 34 9.0
7 35 0.0
7 36 8.0
7 37 6.0
7 38 4.0
7 39 8.0
7 40 8.0
7 41 4.0
7 42 8.0
7 43 1.0
7 44 2.0
7 45 3.0
7 46 7.0
7 47 3.0
7 48 8.0
7 49 8.0
7 50 1.0
8 9 3.0
8 10 1.0
8 11 4.0
8 12 9.0
8 13 0.0
8 14 0.0
8 15 9.0
8 16 0.0
8 17 4.0
8 18 7.0
8 19 3.0
8 20 7.0
8 21 9.0
8 22 9.0
8 23 5.0
8 24 1.0
8 25 8.0
8 26 4.0
8 27 6.0
8 28 2.0
8 29 3.0
8 30 0.0
8 31 8.0
8 32 9.0
8 33 5.0
8 34 4.0
8 35 9.0
8 36 0.0
8 37 8.0
8 38 4.0
8 39 5.0
8 40 5.0
8 41 0.0
8 42 8.0
8 43 5.0
8 44 7.0
8 45 4.0
8 46 0.0
8 47 3.0
8 48 3.0
8 49 8.0
8 50 1.0
9 10 8.0
9 11 9.0
9 12 9.0
9 13 8.0
9 14 0.0
9 15 2.0
9 16 6.0
9 17 8.0
9 18 1.0
9 19 1.0
9 20 8.0
9 21 9.0
9 22 2.0
9 23 0.0
9 24 2.0
9 25 0.0
9 26 4.0
9 27 7.0
9 28 2.0
9 29 4.0
9 30 8.0
9 31 0.0
9 32 8.0
9 33 4.0
9 34 9.0
9 35 0.0
9 36 0.0
9 37 5.0
9 38 9.0
9 39 9.0
9 40 9.0
9 41 3.0
9 42 3.0
9 43 3.0
9 44 5.0
9 45 9.0
9 46 8.0
9 47 2.0
9 48 2.0
9 49 4.0
9 50 4.0
10 11 8.0
10 12 7.0
10 13 7.0
10 14 3.0
10 15 7.0
10 16 1.0
10 17 5.0
10 18 1.0
10 19 9.0
10 20 3.0
10 21 5.0
10 22 4.0
10 23 6.0
10 24 6.0
10 25 3.0
10 26 1.0
10 27 3.0
10 28 2.0
10 29 2.0
10 30 2.0
10 31 4.0
10 32 6.0
10 33 4.0
10 34 2.0
10 35 6.0
10 36 5.0
10 37 3.0
10 38 6.0
10 39 5.0
10 40 7.0
10 41 0.0
10 42 9.0
10 43 4.0
10 44 4.0
10 45 5.0
10 46 1.0
10 47 0.0
10 48 5.0
10 49 9.0
10 50 8.0
11 12 5.0
11 13 5.0
11 14 6.0
11 15 9.0
11 16 1.0
11 17 5.0
11 18 8.0
11 19 0.0
11 20 4.0
11 21 6.0
11 22 1.0
11 23 0.0
11 24 0.0
11 25 9.0
11 26 6.0
11 27 6.0
11 28 3.0
11 29 9.0
11 30 5.0
11 31 8.0
11 32 5.0
11 33 3.0
11 34 1.0
11 35 3.0
11 36 0.0
11 37 9.0
11 38 6.0
11 39 0.0
11 40 5.0
11 41 3.0
11 42 2.0
11 43 1.0
11 44 2.0
11 45 3.0
11 46 7.0
11 47 5.0
11 48 4.0
11 49 2.0
11 50 4.0
12 13 7.0
12 14 6.0
12 15 5.0
12 16 8.0
12 17 6.0
12 18 0.0
12 19 2.0
12 20 2.0
12 21 0.0
12 22 8.0
12 23 2.0
12 24 6.0
12 25 0.0
12 26 9.0
12 27 0.0
12 28 6.0
12 29 1.0
12 30 7.0
12 31 4.0
12 32 2.0
12 33 7.0
12 34 5.0
12 35 8.0
12 36 5.0
12 37 1.0
12 38 2.0
12 39 9.0
12 40 0.0
12 41 5.0
12 42 5.0
12 43 2.0
12 44 9.0
12 45 7.0
12 46 0.0
12 47 7.0
12 48 1.0
12 49 4.0
12 50 1.0
13 14 6.0
13 15 1.0
13 16 3.0
13 17 6.0
13 18 6.0
13 19 1.0
13 20 1.0
13 21 7.0
13 22 0.0
13 23 2.0
13 24 1.0
13 25 2.0
13 26 6.0
13 27 4.0
13 28 2.0
13 29 4.0
13 30 6.0
13 31 3.0
13 32 1.0
13 33 3.0
13 34 3.0
13 35 6.0
13 36 9.0
13 37 7.0
13 38 7.0
13 39 0.0
13 40 0.0
13 41 7.0
13 42 0.0
13 43 2.0
13 44 8.0
13 45 5.0
13 46 4.0
13 47 7.0
13 48 6.0
13 49 9.0
13 50 3.0
14 15 6.0
14 16 9.0
14 17 2.0
14 18 9.0
14 19 3.0
14 20 7.0
14 21 3.0
14 22 1.0
14 23 4.0
14 24 3.0
14 25 5.0
14 26 2.0
14 27 6.0
14 28 4.0
14 29 6.0
14 30 7.0
14 31 1.0
14 32 5.0
14 33 6.0
14 34 2.0
14 35 5.0
14 36 8.0
14 37 2.0
14 38 6.0
14 39 7.0
14 40 2.0
14 41 5.0
14 42 0.0
14 43 6.0
14 44 7.0
14 45 8.0
14 46 2.0
14 47 3.0
14 48 2.0
14 49 5.0
14 50 2.0
15 16 3.0
15 17 1.0
15 18 7.0
15 19 7.0
15 20 4.0
15 21 1.0
15 22 2.0
15 23 5.0
15 24 1.0
15 25 5.0
15 26 5.0
15 27 7.0
15 28 3.0
15 29 5.0
15 30 7.0
15 31 8.0
15 32 2.0
15 33 6.0
15 34 6.0
15 35 7.0
15 36 1.0
15 37 2.0
15 38 4.0
15 39 0.0
15 40 7.0
15 41 7.0
15 42 4.0
15 43 2.0
15 44 5.0
15 45 9.0
15 46 6.0
15 47 7.0
15 48 5.0
15 49 3.0
15 50 8.0
16 17 0.0
16 18 7.0
16 19 0.0
16 20 3.0
16 21 0.0
16 22 7.0
16 23 8.0
16 24 4.0
16 25 6.0
16 26 2.0
16 27 1.0
16 28 6.0
16 29 1.0
16 30 4.0
16 31 9.0
16 32 6.0
16 33 1.0
16 34 0.0
16 35 9.0
16 36 8.0
16 37 4.0
16 38 1.0
16 39 2.0
16 40 2.0
16 41 9.0
16 42 1.0
16 43 1.0
16 44 8.0
16 45 3.0
16 46 4.0
16 47 3.0
16 48 9.0
16 49 3.0
16 50 1.0
17 18 6.0
17 19 3.0
17 20 8.0
17 21 2.0
17 22 1.0
17 23 6.0
17 24 2.0
17 25 4.0
17 26 8.0
17 27 7.0
17 28 9.0
17 29 2.0
17 30 2.0
17 31 9.0
17 32 4.0
17 33 2.0
17 34 9.0
17 35 0.0
17 36 1.0
17 37 8.0
17 38 7.0
17 39 5.0
17 40 2.0
17 41 1.0
17 42 1.0
17 43 2.0
17 44 1.0
17 45 6.0
17 46 3.0
17 47 6.0
17 48 8.0
17 49 7.0
17 50 1.0
18 19 0.0
18 20 3.0
18 21 5.0
18 22 5.0
18 23 5.0
18 24 5.0
18 25 1.0
18 26 0.0
18 27 6.0
18 28 9.0
18 29 7.0
18 30 2.0
18 31 0.0
18 32 5.0
18 33 2.0
18 34 9.0
18 35 8.0
18 36 2.0
18 37 3.0
18 38 3.0
18 39 7.0
18 40 9.0
18 41 9.0
18 42 0.0
18 43 2.0
18 44 2.0
18 45 4.0
18 46 0.0
18 47 4.0
18 48 0.0
18 49 7.0
18 50 5.0
19 20 7.0
19 21 4.0
19 22 8.0
19 23 6.0
19 24 6.0
19 25 9.0
19 26 3.0
19 27 9.0
19 28 7.0
19 29 1.0
19 30 3.0
19 31 5.0
19 32 8.0
19 33 0.0
19 34 3.0
19 35 1.0
19 36 3.0
19 37 5.0
19 38 5.0
19 39 6.0
19 40 6.0
19 41 0.0
19 42 9.0
19 43 5.0
19 44 0.0
19 45 9.0
19 46 7.0
19 47 7.0
19 48 7.0
19 49 6.0
19 50 9.0
20 21 9.0
20 22 5.0
20 23 2.0
20 24 5.0
20 25 8.0
20 26 2.0
20 27 4.0
20 28 8.0
20 29 2.0
20 30 4.0
20 31 6.0
20 32 0.0
20 33 9.0
20 34 8.0
20 35 1.0
20 36 4.0
20 37 9.0
20 38 5.0
20 39 4.0
20 40 4.0
20 41 7.0
20 42 1.0
20 43 0.0
20 44 6.0
20 45 9.0
20 46 0.0
20 47 6.0
20 48 0.0
20 49 6.0
20 50 9.0
21 22 1.0
21 23 6.0
21 24 2.0
21 25 0.0
21 26 8.0
21 27 2.0
21 28 5.0
21 29 8.0
21 30 1.0
21 31 4.0
21 32 8.0
21 33 7.0
21 34 5.0
21 35 4.0
21 36 9.0
21 37 2.0
21 38 5.0
21 39 2.0
21 40 8.0
21 41 1.0
21 42 3.0
21 43 0.0
21 44 7.0
21 45 8.0
21 46 1.0
21 47 5.0
21 48 7.0
21 49 0.0
21 50 0.0
22 23 2.0
22 24 2.0
22 25 3.0
22 26 8.0
22 27 5.0
22 28 8.0
22 29 5.0
22 30 7.0
22 31 1.0
22 32 4.0
22 33 5.0
22 34 6.0
22 35 3.0
22 36 1.0
22 37 4.0
22 38 0.0
22 39 7.0
22 40 7.0
22 41 9.0
22 42 1.0
22 43 6.0
22 44 8.0
22 45 1.0
22 46 7.0
22 47 8.0
22 48 9.0
22 49 3.0
22 50 6.0
23 24 4.0
23 25 3.0
23 26 8.0
23 27 2.0
23 28 4.0
23 29 3.0
23 30 2.0
23 31 9.0
23 32 2.0
23 33 9.0
23 34 7.0
23 35 9.0
23 36 4.0
23 37 8.0
23 38 4.0
23 39 7.0
23 40 1.0
23 41 2.0
23 42 7.0
23 43 4.0
23 44 5.0
23 45 3.0
23 46 7.0
23 47 9.0
23 48 2.0
23 49 1.0
23 50 1.0
24 25 5.0
24 26 7.0
24 27 1.0
24 28 5.0
24 29 6.0
24 30 9.0
24 31 3.0
24 32 6.0
24 33 1.0
24 34 7.0
24 35 8.0
24 36 3.0
24 37 3.0
24 38 7.0
24 39 5.0
24 40 4.0
24 41 5.0
24 42 6.0
24 43 8.0
24 44 6.0
24 45 2.0
24 46 1.0
24 47 4.0
24 48 2.0
24 49 2.0
24 50 9.0
25 26 5.0
25 27 5.0
25 28 2.0
25 29 9.0
25 30 5.0
25 31 5.0
25 32 7.0
25 33 5.0
25 34 8.0
25 35 2.0
25 36 0.0
25 37 5.0
25 38 9.0
25 39 5.0
25 40 8.0
25 41 8.0
25 42 4.0
25 43 1.0
25 44 4.0
25 45 3.0
25 46 8.0
25 47 8.0
25 48 0.0
25 49 4.0
25 50 2.0
26 27 8.0
26 28 5.0
26 29 1.0
26 30 0.0
26 31 7.0
26 32 9.0
26 33 9.0
26 34 0.0
26 35 9.0
26 36 8.0
26 37 3.0
26 38 1.0
26 39 3.0
26 40 7.0
26 41 9.0
26 42 3.0
26 43 3.0
26 44 9.0
26 45 1.0
26 46 9.0
26 47 8.0
26 48 1.0
26 49 9.0
26 50 3.0
27 28 7.0
27 29 8.0
27 30 8.0
27 31 3.0
27 32 5.0
27 33 9.0
27 34 0.0
27 35 7.0
27 36 7.0
27 37 8.0
27 38 1.0
27 39 4.0
27 40 5.0
27 41 2.0
27 42 0.0
27 43 7.0
27 44 6.0
27 45 2.0
27 46 2.0
27 47 3.0
27 48 9.0
27 49 6.0
27 50 0.0
28 29 0.0
28 30 3.0
28 31 7.0
28 32 1.0
28 33 2.0
28 34 9.0
28 35 9.0
28 36 4.0
28 37 2.0
28 38 4.0
28 39 8.0
28 40 6.0
28 41 1.0
28 42 1.0
28 43 7.0
28 44 2.0
28 45 2.0
28 46 0.0
28 47 0.0
28 48 6.0
28 49 8.0
28 50 9.0
29 30 8.0
29 31 5.0
29 32 1.0
29 33 6.0
29 34 4.0
29 35 7.0
29 36 3.0
29 37 1.0
29 38 0.0
29 39 6.0
29 40 4.0
29 41 9.0
29 42 1.0
29 43 5.0
29 44 2.0
29 45 9.0
29 46 1.0
29 47 3.0
29 48 8.0
29 49 2.0
29 50 0.0
30 31 6.0
30 32 5.0
30 33 5.0
30 34 2.0
30 35 3.0
30 36 5.0
30 37 4.0
30 38 3.0
30 39 3.0
30 40 8.0
30 41 7.0
30 42 2.0
30 43 0.0
30 44 2.0
30 45 7.0
30 46 5.0
30 47 2.0
30 48 4.0
30 49 0.0
30 50 8.0
31 32 7.0
31 33 4.0
31 34 3.0
31 35 1.0
31 36 9.0
31 37 3.0
31 38 5.0
31 39 6.0
31 40 5.0
31 41 6.0
31 42 3.0
31 43 5.0
31 44 1.0
31 45 3.0
31 46 2.0
31 47 7.0
31 48 6.0
31 49 1.0
31 50 9.0
32 33 3.0
32 34 6.0
32 35 5.0
32 36 8.0
32 37 2.0
32 38 7.0
32 39 7.0
32 40 8.0
32 41 4.0
32 42 3.0
32 43 8.0
32 44 6.0
32 45 3.0
32 46 8.0
32 47 8.0
32 48 3.0
32 49 9.0
32 50 2.0
33 34 8.0
33 35 9.0
33 36 7.0
33 37 7.0
33 38 3.0
33 39 4.0
33 40 6.0
33 41 5.0
33 42 9.0
33 43 8.0
33 44 2.0
33 45 4.0
33 46 7.0
33 47 6.0
33 48 6.0
33 49 1.0
33 50 7.0
34 35 6.0
34 36 7.0
34 37 7.0
34 38 3.0
34 39 1.0
34 40 7.0
34 41 3.0
34 42 7.0
34 43 0.0
34 44 9.0
34 45 0.0
34 46 3.0
34 47 4.0
34 48 5.0
34 49 3.0
34 50 9.0
35 36 6.0
35 37 2.0
35 38 4.0
35 39 7.0
35 40 3.0
35 41 7.0
35 42 0.0
35 43 5.0
35 44 0.0
35 45 7.0
35 46 5.0
35 47 8.0
35 48 3.0
35 49 8.0
35 50 9.0
36 37 0.0
36 38 1.0
36 39 0.0
36 40 3.0
36 41 6.0
36 42 2.0
36 43 2.0
36 44 9.0
36 45 0.0
36 46 6.0
36 47 3.0
36 48 7.0
36 49 8.0
36 50 1.0
37 38 0.0
37 39 0.0
37 40 7.0
37 41 4.0
37 42 2.0
37 43 4.0
37 44 8.0
37 45 7.0
37 46 0.0
37 47 1.0
37 48 8.0
37 49 3.0
37 50 8.0
38 39 1.0
38 40 8.0
38 41 9.0
38 42 4.0
38 43 4.0
38 44 7.0
38 45 0.0
38 46 8.0
38 47 4.0
38 48 1.0
38 49 2.0
38 50 2.0
39 40 3.0
39 41 5.0
39 42 8.0
39 43 8.0
39 44 2.0
39 45 9.0
39 46 3.0
39 47 2.0
39 48 9.0
39 49 0.0
39 50 5.0
40 41 7.0
40 42 1.0
40 43 3.0
40 44 6.0
40 45 4.0
40 46 2.0
40 47 3.0
40 48 5.0
40 49 3.0
40 50 1.0
41 42 1.0
41 43 4.0
41 44 4.0
41 45 6.0
41 46 2.0
41 47 7.0
41 48 2.0
41 49 2.0
41 50 5.0
42 43 6.0
42 44 0.0
42 45 5.0
42 46 8.0
42 47 5.0
42 48 9.0
42 49 9.0
42 50 5.0
43 44 7.0
43 45 0.0
43 46 9.0
43 47 8.0
43 48 9.0
43 49 3.0
43 50 7.0
44 45 5.0
44 46 9.0
44 47 1.0
44 48 9.0
44 49 7.0
44 50 7.0
45 46 9.0
45 47 6.0
45 48 9.0
45 49 9.0
45 50 2.0
46 47 8.0
46 48 9.0
46 49 1.0
46 50 4.0
47 48 1.0
47 49 6.0
47 50 6.0
48 49 6.0
48 50 4.0
49 50 6.0
1 1256.0 3.5 824.0
2 960.0 6.53 608.0
3 80.0 0.25 103.0
4 54.0 0.25 41.0
5 438.0 2.35 469.0
6 201.0 1.59 124.0
7 570.0 2.44 449.0
8 227.0 1.42 153.0
9 905.0 0.43 596.0
10 919.0 6.99 638.0
11 770.0 7.22 467.0
12 76.0 0.44 47.0
13 1820.0 6.63 950.0
14 491.0 3.61 485.0
15 474.0 2.79 466.0
16 243.0 1.67 283.0
17 164.0 1.4 107.0
18 876.0 3.46 841.0
19 172.0 1.33 110.0
20 313.0 0.31 376.0
21 620.0 1.29 342.0
22 273.0 1.31 474.0
23 211.0 1.11 132.0
24 260.0 1.53 189.0
25 342.0 0.92 218.0
26 1530.0 11.47 883.0
27 1522.0 12.12 788.0
28 392.0 2.02 737.0
29 1109.0 10.61 686.0
30 610.0 1.89 322.0
31 104.0 0.04 99.0
32 576.0 0.85 861.0
33 485.0 3.38 929.0
34 236.0 0.83 201.0
35 1762.0 6.57 901.0
36 1113.0 1.07 750.0
37 427.0 2.47 324.0
38 669.0 5.04 701.0
39 1341.0 2.7 902.0
40 1537.0 4.23 919.0
41 353.0 2.96 339.0
42 530.0 4.15 720.0
43 372.0 1.26 317.0
44 1036.0 4.22 640.0
45 491.0 1.42 556.0
46 102.0 0.22 134.0
47 743.0 6.21 923.0
48 983.0 7.67 662.0
49 749.0 7.47 975.0
50 766.0 4.81 384.0
6450 9349 7543
