50
1 2 7.0
1 3 6.0
1 4 4.0
1 5 7.0
1 6 0.0
1 7 5.0
1 8 9.0
1 9 1.0
1 10 4.0
1 11 5.0
1 12 0.0
1 13 0.0
1 14 1.0
1 15 8.0
1 16 0.0
1 17 1.0
1 18 1.0
1 19 4.0
1 20 2.0
1 21 1.0
1 22 4.0
1 23 7.0
1 24 0.0
1 25 4.0
1 26 6.0
1 27 3.0
1 28 3.0
1 29 5.0
1 30 3.0
1 31 0.0
1 32 5.0
1 33 0.0
1 34 0.0
1 35 4.0
1 36 8.0
1 37 7.0
1 38 5.0
1 39 0.0
1 40 0.0
1 41 5.0
1 42 9.0
1 43 8.0
1 44 0.0
1 45 7.0
1 46 8.0
1 47 8.0
1 48 2.0
1 49 0.0
1 50 6.0
2 3 6.0
2 4 9.0
2 5 6.0
2 6 2.0
2 7 1.0
2 8 5.0
2 9 8.0
2 10 2.0
2 11 7.0
2 12 8.0
2 13 0.0
2 14 7.0
2 15 5.0
2 16 2.0
2 17 6.0
2 18 7.0
2 19 1.0
2 20 7.0
2 21 1.0
2 22 8.0
2 23 3.0
2 24 3.0
2 25 5.0
2 26 6.0
2 27 4.0
2 28 9.0
2 29 1.0
2 30 0.0
2 31 9.0
2 32 1.0
2 33 8.0
2 34 6.0
2 35 8.0
2 36 9.0
2 37 5.0
2 38 7.0
2 39 0.0
2 40 6.0
2 41 4.0
2 42 5.0
2 43 0.0
2 44 5.0
2 45 9.0
2 46 6.0
2 47 8.0
2 48 3.0
2 49 4.0
2 50 4.0
3 4 1.0
3 5 3.0
3 6 6.0
3 7 6.0
3 8 2.0
3 9 7.0
3 10 2.0
3 11 1.0
3 12 3.0
3 13 3.0
3 14 7.0
3 15 4.0
3 16 6.0
3 17 9.0
3 18 6.0
3 19 5.0
3 20 6.0
3 21 8.0
3 22 3.0
3 23 4.0
3 24 9.0
3 25 8.0
3 26 5.0
3 27 9.0
3 28 8.0
3 29 6.0
3 30 2.0
3 31 9.0
3 32 2.0
3 33 0.0
3 34 0.0
3 35 3.0
3 36 6.0
3 37 0.0
3 38 0.0
3 39 7.0
3 40 0.0
3 41 4.0
3 42 7.0
3 43 6.0
3 44 0.0
3 45 3.0
3 46 4.0
3 47 9.0
3 48 6.0
3 49 3.0
3 50 7.0
4 5 4.0
4 6 4.0
4 7 6.0
4 8 1.0
4 9 6.0
4 10 9.0
4 11 5.0
4 12 3.0
4 13 2.0
4 14 4.0
4 15 3.0
4 16 7.0
4 17 9.0
4 18 0.0
4 19 8.0
4 20 4.0
4 21 7.0
4 22 4.0
4 23 1.0
4 24 0.0
4 25 4.0
4 26 7.0
4 27 7.0
4 28 8.0
4 29 1.0
4 30 5.0
4 31 8.0
4 32 2.0
4 33 3.0
4 34 9.0
4 35 8.0
4 36 0.0
4 37 1.0
4 38 3.0
4 39 6.0
4 40 5.0
4 41 9.0
4 42 0.0
4 43 3.0
4 44 8.0
4 45 7.0
4 46 1.0
4 47 0.0
4 48 6.0
4 49 5.0
4 50 1.0
5 6 6.0
5 7 4.0
5 8 4.0
5 9 8.0
5 10 4.0
5 11 2.0
5 12 7.0
5 13 1.0
5 14 2.0
5 15 4.0
5 16 0.0
5 17 8.0
5 18 6.0
5 19 8.0
5 20 8.0
5 21 0.0
5 22 5.0
5 23 0.0
5 24 0.0
5 25 8.0
5 26 6.0
5 27 4.0
5 28 7.0
5 29 1.0
5 30 1.0
5 31 8.0
5 32 5.0
5 33 0.0
5 34 6.0
5 35 3.0
5 36 5.0
5 37 2.0
5 38 7.0
5 39 8.0
5 40 6.0
5 41 7.0
5 42 0.0
5 43 7.0
5 44 8.0
5 45 3.0
5 46 8.0
5 47 4.0
5 48 6.0
5 49 6.0
5 50 0.0
6 7 2.0
6 8 5.0
6 9 2.0
6 10 1.0
6 11 7.0
6 12 8.0
6 13 4.0
6 14 1.0
6 15 2.0
6 16 1.0
6 17 3.0
6 18 9.0
6 19 5.0
6 20 2.0
6 21 9.0
6 22 1.0
6 23 6.0
6 24 3.0
6 25 5.0
6 26 7.0
6 27 2.0
6 28 0.0
6 29 1.0
6 30 4.0
6 31 4.0
6 32 8.0
6 33 4.0
6 34 4.0
6 35 8.0
6 36 5.0
6 37 5.0
6 38 4.0
6 39 5.0
6 40 1.0
6 41 4.0
6 42 7.0
6 43 2.0
6 44 4.0
6 45 3.0
6 46 2.0
6 47 5.0
6 48 2.0
6 49 8.0
6 50 0.0
7 8 7.0
7 9 4.0
7 10 2.0
7 11 0.0
7 12 2.0
7 13 0.0
7 14 9.0
7 15 7.0
7 16 1.0
7 17 5.0
7 18 0.0
7 19 8.0
7 20 7.0
7 21 0.0
7 22 3.0
7 23 6.0
7 24 7.0
7 25 9.0
7 26 3.0
7 27 1.0
7 28 1.0
7 29 0.0
7 30 4.0
7 31 6.0
7 32 3.0
7 33 4.0
7 34 8.0
7 35 1.0
7 36 0.0
7 37 1.0
7 38 3.0
7 39 2.0
7 40 9.0
7 41 5.0
7 42 7.0
7 43 9.0
7 44 3.0
7 45 5.0
7 46 3.0
7 47 6.0
7 48 5.0
7 49 2.0
7 50 8.0
8 9 0.0
8 10 3.0
8 11 7.0
8 12 7.0
8 13 2.0
8 14 2.0
8 15 5.0
8 16 5.0
8 17 7.0
8 18 0.0
8 19 7.0
8 20 4.0
8 21 1.0
8 22 6.0
8 23 8.0
8 24 0.0
8 25 4.0
8 26 6.0
8 27 6.0
8 28 3.0
8 29 4.0
8 30 1.0
8 31 0.0
8 32 9.0
8 33 3.0
8 34 8.0
8 35 0.0
8 36 3.0
8 37 9.0
8 38 8.0
8 39 4.0
8 40 5.0
8 41 0.0
8 42 1.0
8 43 3.0
8 44 0.0
8 45 5.0
8 46 3.0
8 47 7.0
8 48 7.0
8 49 7.0
8 50 5.0
9 10 9.0
9 11 7.0
9 12 9.0
9 13 3.0
9 14 6.0
9 15 3.0
9 16 7.0
9 17 5.0
9 18 5.0
9 19 2.0
9 20 4.0
9 21 9.0
9 22 4.0
9 23 1.0
9 24 4.0
9 25 6.0
9 26 3.0
9 27 9.0
9 28 8.0
9 29 3.0
9 30 9.0
9 31 2.0
9 32 4.0
9 33 0.0
9 34 2.0
9 35 7.0
9 36 9.0
9 37 6.0
9 38 5.0
9 39 3.0
9 40 7.0
9 41 8.0
9 42 2.0
9 43 3.0
9 44 1.0
9 45 8.0
9 46 5.0
9 47 1.0
9 48 0.0
9 49 0.0
9 50 8.0
10 11 9.0
10 12 9.0
10 13 3.0
10 14 5.0
10 15 6.0
10 16 2.0
10 17 6.0
10 18 0.0
10 19 4.0
10 20 5.0
10 21 3.0
10 22 5.0
10 23 3.0
10 24 6.0
10 25 1.0
10 26 6.0
10 27 6.0
10 28 4.0
10 29 5.0
10 30 5.0
10 31 8.0
10 32 7.0
10 33 4.0
10 34 0.0
10 35 6.0
10 36 0.0
10 37 4.0
10 38 8.0
10 39 2.0
10 40 1.0
10 41 0.0
10 42 4.0
10 43 9.0
10 44 8.0
10 45 1.0
10 46 1.0
10 47 2.0
10 48 9.0
10 49 1.0
10 50 7.0
11 12 8.0
11 13 7.0
11 14 0.0
11 15 0.0
11 16 3.0
11 17 6.0
11 18 5.0
11 19 7.0
11 20 6.0
11 21 5.0
11 22 4.0
11 23 3.0
11 24 8.0
11 25 1.0
11 26 9.0
11 27 0.0
11 28 4.0
11 29 4.0
11 30 9.0
11 31 7.0
11 32 8.0
11 33 6.0
11 34 0.0
11 35 4.0
11 36 0.0
11 37 6.0
11 38 8.0
11 39 3.0
11 40 9.0
11 41 0.0
11 42 2.0
11 43 8.0
11 44 1.0
11 45 7.0
11 46 7.0
11 47 8.0
11 48 0.0
11 49 0.0
11 50 4.0
12 13 9.0
12 14 0.0
12 15 6.0
12 16 4.0
12 17 7.0
12 18 5.0
12 19 9.0
12 20 6.0
12 21 1.0
12 22 2.0
12 23 0.0
12 24 5.0
12 25 6.0
12 26 8.0
12 27 1.0
12 28 3.0
12 29 3.0
12 30 9.0
12 31 4.0
12 32 6.0
12 33 0.0
12 34 5.0
12 35 4.0
12 36 7.0
12 37 8.0
12 38 3.0
12 39 6.0
12 40 8.0
12 41 0.0
12 42 6.0
12 43 6.0
12 44 9.0
12 45 5.0
12 46 4.0
12 47 6.0
12 48 1.0
12 49 4.0
12 50 7.0
13 14 1.0
13 15 8.0
13 16 5.0
13 17 1.0
13 18 6.0
13 19 8.0
13 20 4.0
13 21 3.0
13 22 2.0
13 23 4.0
13 24 6.0
13 25 9.0
13 26 1.0
13 27 5.0
13 28 2.0
13 29 8.0
13 30 3.0
13 31 9.0
13 32 8.0
13 33 0.0
13 34 1.0
13 35 8.0
13 36 4.0
13 37 4.0
13 38 9.0
13 39 2.0
13 40 7.0
13 41 1.0
13 42 5.0
13 43 7.0
13 44 4.0
13 45 3.0
13 46 5.0
13 47 7.0
13 48 1.0
13 49 8.0
13 50 5.0
14 15 2.0
14 16 6.0
14 17 7.0
14 18 0.0
14 19 8.0
14 20 9.0
14 21 3.0
14 22 4.0
14 23 7.0
14 24 3.0
14 25 1.0
14 26 5.0
14 27 7.0
14 28 4.0
14 29 6.0
14 30 9.0
14 31 3.0
14 32 0.0
14 33 4.0
14 34 0.0
14 35 9.0
14 36 6.0
14 37 0.0
14 38 4.0
14 39 4.0
14 40 9.0
14 41 7.0
14 42 7.0
14 43 4.0
14 44 2.0
14 45 5.0
14 46 7.0
14 47 0.0
14 48 6.0
14 49 4.0
14 50 6.0
15 16 1.0
15 17 4.0
15 18 3.0
15 19 0.0
15 20 0.0
15 21 1.0
15 22 4.0
15 23 9.0
15 24 9.0
15 25 8.0
15 26 7.0
15 27 5.0
15 28 2.0
15 29 9.0
15 30 8.0
15 31 1.0
15 32 8.0
15 33 5.0
15 34 4.0
15 35 7.0
15 36 5.0
15 37 5.0
15 38 3.0
15 39 1.0
15 40 4.0
15 41 6.0
15 42 7.0
15 43 5.0
15 44 0.0
15 45 0.0
15 46 6.0
15 47 2.0
15 48 8.0
15 49 9.0
15 50 0.0
16 17 6.0
16 18 7.0
16 19 1.0
16 20 9.0
16 21 8.0
16 22 9.0
16 23 1.0
16 24 7.0
16 25 7.0
16 26 0.0
16 27 0.0
16 28 8.0
16 29 3.0
16 30 8.0
16 31 8.0
16 32 3.0
16 33 1.0
16 34 0.0
16 35 1.0
16 36 2.0
16 37 9.0
16 38 0.0
16 39 1.0
16 40 1.0
16 41 0.0
16 42 0.0
16 43 6.0
16 44 5.0
16 45 7.0
16 46 0.0
16 47 7.0
16 48 7.0
16 49 8.0
16 50 6.0
17 18 4.0
17 19 9.0
17 20 6.0
17 21 2.0
17 22 6.0
17 23 0.0
17 24 1.0
17 25 7.0
17 26 1.0
17 27 2.0
17 28 3.0
17 29 0.0
17 30 4.0
17 31 0.0
17 32 7.0
17 33 0.0
17 34 0.0
17 35 8.0
17 36 9.0
17 37 9.0
17 38 4.0
17 39 8.0
17 40 5.0
17 41 0.0
17 42 5.0
17 43 2.0
17 44 1.0
17 45 9.0
17 46 7.0
17 47 8.0
17 48 7.0
17 49 0.0
17 50 2.0
18 19 8.0
18 20 0.0
18 21 0.0
18 22 4.0
18 23 6.0
18 24 4.0
18 25 3.0
18 26 0.0
18 27 3.0
18 28 3.0
18 29 5.0
18 30 9.0
18 31 0.0
18 32 0.0
18 33 8.0
18 34 6.0
18 35 5.0
18 36 9.0
18 37 5.0
18 38 4.0
18 39 4.0
18 40 5.0
18 41 0.0
18 42 8.0
18 43 1.0
18 44 0.0
18 45 1.0
18 46 2.0
18 47 4.0
18 48 9.0
18 49 8.0
18 50 9.0
19 20 9.0
19 21 1.0
19 22 6.0
19 23 9.0
19 24 3.0
19 25 4.0
19 26 9.0
19 27 3.0
19 28 0.0
19 29 0.0
19 30 2.0
19 31 1.0
19 32 3.0
19 33 9.0
19 34 0.0
19 35 0.0
19 36 0.0
19 37 6.0
19 38 9.0
19 39 7.0
19 40 5.0
19 41 1.0
19 42 2.0
19 43 9.0
19 44 7.0
19 45 7.0
19 46 1.0
19 47 2.0
19 48 6.0
19 49 5.0
19 50 3.0
20 21 2.0
20 22 4.0
20 23 3.0
20 24 3.0
20 25 9.0
20 26 3.0
20 27 6.0
20 28 2.0
20 29 1.0
20 30 3.0
20 31 0.0
20 32 4.0
20 33 8.0
20 34 4.0
20 35 9.0
20 36 2.0
20 37 4.0
20 38 5.0
20 39 6.0
20 40 1.0
20 41 2.0
20 42 9.0
20 43 4.0
20 44 5.0
20 45 2.0
20 46 2.0
20 47 4.0
20 48 1.0
20 49 9.0
20 50 4.0
21 22 3.0
21 23 7.0
21 24 1.0
21 25 5.0
21 26 3.0
21 27 3.0
21 28 5.0
21 29 4.0
21 30 2.0
21 31 6.0
21 32 3.0
21 33 2.0
21 34 3.0
21 35 6.0
21 36 2.0
21 37 4.0
21 38 7.0
21 39 5.0
21 40 6.0
21 41 8.0
21 42 6.0
21 43 5.0
21 44 7.0
21 45 6.0
21 46 5.0
21 47 5.0
21 48 6.0
21 49 2.0
21 50 4.0
22 23 6.0
22 24 7.0
22 25 7.0
22 26 6.0
22 27 1.0
22 28 6.0
22 29 1.0
22 30 1.0
22 31 3.0
22 32 2.0
22 33 4.0
22 34 7.0
22 35 2.0
22 36 9.0
22 37 3.0
22 38 9.0
22 39 0.0
22 40 5.0
22 41 3.0
22 42 0.0
22 43 9.0
22 44 1.0
22 45 6.0
22 46 5.0
22 47 3.0
22 48 5.0
22 49 8.0
22 50 1.0
23 24 4.0
23 25 3.0
23 26 9.0
23 27 7.0
23 28 7.0
23 29 8.0
23 30 8.0
23 31 4.0
23 32 9.0
23 33 4.0
23 34 0.0
23 35 8.0
23 36 2.0
23 37 4.0
23 38 6.0
23 39 3.0
23 40 1.0
23 41 2.0
23 42 2.0
23 43 4.0
23 44 7.0
23 45 2.0
23 46 4.0
23 47 9.0
23 48 4.0
23 49 8.0
23 50 7.0
24 25 3.0
24 26 5.0
24 27 3.0
24 28 9.0
24 29 1.0
24 30 2.0
24 31 1.0
24 32 1.0
24 33 1.0
24 34 6.0
24 35 8.0
24 36 3.0
24 37 5.0
24 38 8.0
24 39 2.0
24 40 0.0
24 41 2.0
24 42 9.0
24 43 6.0
24 44 6.0
24 45 9.0
24 46 3.0
24 47 4.0
24 48 8.0
24 49 0.0
24 50 2.0
25 26 0.0
25 27 2.0
25 28 9.0
25 29 8.0
25 30 1.0
25 31 1.0
25 32 5.0
25 33 6.0
25 34 9.0
25 35 6.0
25 36 4.0
25 37 9.0
25 38 3.0
25 39 7.0
25 40 4.0
25 41 0.0
25 42 4.0
25 43 9.0
25 44 2.0
25 45 9.0
25 46 2.0
25 47 7.0
25 48 2.0
25 49 9.0
25 50 0.0
26 27 2.0
26 28 6.0
26 29 1.0
26 30 3.0
26 31 9.0
26 32 1.0
26 33 0.0
26 34 5.0
26 35 0.0
26 36 5.0
26 37 1.0
26 38 6.0
26 39 2.0
26 40 0.0
26 41 8.0
26 42 2.0
26 43 9.0
26 44 0.0
26 45 4.0
26 46 0.0
26 47 0.0
26 48 8.0
26 49 8.0
26 50 8.0
27 28 5.0
27 29 9.0
27 30 0.0
27 31 2.0
27 32 1.0
27 33 6.0
27 34 9.0
27 35 0.0
27 36 9.0
27 37 1.0
27 38 1.0
27 39 8.0
27 40 9.0
27 41 9.0
27 42 6.0
27 43 6.0
27 44 0.0
27 45 9.0
27 46 8.0
27 47 4.0
27 48 1.0
27 49 4.0
27 50 2.0
28 29 8.0
28 30 6.0
28 31 8.0
28 32 5.0
28 33 4.0
28 34 0.0
28 35 1.0
28 36 1.0
28 37 1.0
28 38 8.0
28 39 6.0
28 40 4.0
28 41 3.0
28 42 7.0
28 43 8.0
28 44 4.0
28 45 8.0
28 46 8.0
28 47 1.0
28 48 8.0
28 49 5.0
28 50 3.0
29 30 4.0
29 31 2.0
29 32 8.0
29 33 4.0
29 34 2.0
29 35 1.0
29 36 5.0
29 37 8.0
29 38 7.0
29 39 9.0
29 40 7.0
29 41 4.0
29 42 4.0
29 43 0.0
29 44 1.0
29 45 9.0
29 46 7.0
29 47 0.0
29 48 2.0
29 49 6.0
29 50 2.0
30 31 0.0
30 32 8.0
30 33 0.0
30 34 0.0
30 35 4.0
30 36 2.0
30 37 6.0
30 38 1.0
30 39 4.0
30 40 9.0
30 41 3.0
30 42 2.0
30 43 1.0
30 44 8.0
30 45 6.0
30 46 2.0
30 47 7.0
30 48 7.0
30 49 7.0
30 50 1.0
31 32 3.0
31 33 8.0
31 34 6.0
31 35 9.0
31 36 1.0
31 37 2.0
31 38 9.0
31 39 3.0
31 40 8.0
31 41 5.0
31 42 2.0
31 43 0.0
31 44 4.0
31 45 9.0
31 46 0.0
31 47 6.0
31 48 6.0
31 49 4.0
31 50 9.0
32 33 2.0
32 34 9.0
32 35 2.0
32 36 4.0
32 37 9.0
32 38 0.0
32 39 1.0
32 40 3.0
32 41 8.0
32 42 5.0
32 43 9.0
32 44 3.0
32 45 4.0
32 46 5.0
32 47 8.0
32 48 3.0
32 49 3.0
32 50 2.0
33 34 6.0
33 35 2.0
33 36 5.0
33 37 4.0
33 38 7.0
33 39 1.0
33 40 8.0
33 41 2.0
33 42 0.0
33 43 5.0
33 44 0.0
33 45 1.0
33 46 4.0
33 47 0.0
33 48 3.0
33 49 2.0
33 50 2.0
34 35 4.0
34 36 9.0
34 37 8.0
34 38 6.0
34 39 1.0
34 40 8.0
34 41 2.0
34 42 2.0
34 43 2.0
34 44 8.0
34 45 1.0
34 46 9.0
34 47 0.0
34 48 9.0
34 49 2.0
34 50 9.0
35 36 1.0
35 37 8.0
35 38 2.0
35 39 5.0
35 40 1.0
35 41 8.0
35 42 2.0
35 43 4.0
35 44 9.0
35 45 6.0
35 46 3.0
35 47 0.0
35 48 6.0
35 49 9.0
35 50 1.0
36 37 4.0
36 38 9.0
36 39 1.0
36 40 8.0
36 41 6.0
36 42 2.0
36 43 5.0
36 44 9.0
36 45 4.0
36 46 7.0
36 47 1.0
36 48 8.0
36 49 0.0
36 50 9.0
37 38 4.0
37 39 3.0
37 40 9.0
37 41 7.0
37 42 0.0
37 43 9.0
37 44 9.0
37 45 1.0
37 46 9.0
37 47 0.0
37 48 3.0
37 49 0.0
37 50 4.0
38 39 3.0
38 40 4.0
38 41 1.0
38 42 1.0
38 43 6.0
38 44 6.0
38 45 3.0
38 46 7.0
38 47 2.0
38 48 3.0
38 49 3.0
38 50 2.0
39 40 2.0
39 41 9.0
39 42 4.0
39 43 1.0
39 44 8.0
39 45 0.0
39 46 8.0
39 47 9.0
39 48 1.0
39 49 9.0
39 50 4.0
40 41 9.0
40 42 0.0
40 43 1.0
40 44 5.0
40 45 7.0
40 46 3.0
40 47 7.0
40 48 9.0
40 49 2.0
40 50 7.0
41 42 3.0
41 43 6.0
41 44 8.0
41 45 5.0
41 46 3.0
41 47 0.0
41 48 8.0
41 49 5.0
41 50 1.0
42 43 3.0
42 44 0.0
42 45 6.0
42 46 1.0
42 47 7.0
42 48 4.0
42 49 9.0
42 50 5.0
43 44 8.0
43 45 4.0
43 46 6.0
43 47 9.0
43 48 1.0
43 49 4.0
43 50 3.0
44 45 6.0
44 46 6.0
44 47 0.0
44 48 7.0
44 49 1.0
44 50 8.0
45 46 9.0
45 47 0.0
45 48 1.0
45 49 8.0
45 50 2.0
46 47 8.0
46 48 8.0
46 49 7.0
46 50 6.0
47 48 0.0
47 49 4.0
47 50 1.0
48 49 8.0
48 50 5.0
49 50 1.0
1 668.0 4.2 464.0
2 1262.0 4.57 745.0
3 324.0 2.07 590.0
4 267.0 2.25 406.0
5 242.0 0.1 322.0
6 419.0 3.43 428.0
7 286.0 2.03 165.0
8 593.0 4.32 582.0
9 752.0 0.71 614.0
10 262.0 0.69 469.0
11 297.0 0.08 247.0
12 1075.0 9.56 686.0
13 1450.0 14.34 870.0
14 1490.0 12.84 967.0
15 938.0 8.87 890.0
16 206.0 1.37 218.0
17 524.0 4.3 713.0
18 828.0 1.8 889.0
19 273.0 0.37 252.0
20 939.0 6.23 860.0
21 1438.0 6.15 970.0
22 492.0 3.54 583.0
23 777.0 0.13 604.0
24 398.0 2.31 659.0
25 57.0 0.2 50.0
26 760.0 4.65 974.0
27 192.0 1.52 186.0
28 332.0 2.91 242.0
29 446.0 3.35 440.0
30 903.0 8.21 512.0
31 598.0 0.96 480.0
32 471.0 0.35 903.0
33 365.0 2.5 256.0
34 602.0 1.52 421.0
35 738.0 2.53 661.0
36 411.0 2.01 577.0
37 887.0 8.63 849.0
38 911.0 5.14 825.0
39 240.0 0.2 158.0
40 497.0 0.23 462.0
41 847.0 0.12 645.0
42 684.0 1.61 405.0
43 729.0 1.82 499.0
44 853.0 7.94 514.0
45 987.0 0.94 723.0
46 376.0 3.69 388.0
47 88.0 0.58 83.0
48 594.0 0.41 435.0
49 459.0 2.89 276.0
50 520.0 4.87 687.0
6149 8933 8053
