49
1 2 2404551.2140953518
1 3 619720.2059873382
1 4 3241585.8813448437
1 5 1866010.9891903554
1 6 1592644.3932389065
1 7 1228442.5891194458
1 8 285824.5058806739
1 9 234630.18592349964
1 10 2887110.5162823675
1 11 880632.7251033786
1 12 823681.3681563494
1 13 1214813.463120756
1 14 1125284.8490847882
1 15 661702.3910824053
1 16 511306.68070782564
1 17 1951673.2607687232
1 18 1147977.966672819
1 19 1740059.9835243348
1 20 1163285.313228373
1 21 1517691.1271278965
1 22 366996.67228790664
1 23 872775.4806530967
1 24 2649994.0208304324
1 25 1319104.3202970175
1 26 3094638.926523741
1 27 1764889.9496937036
1 28 1350850.0859168377
1 29 1848413.6551371014
1 30 1586981.443532276
1 31 800908.255258898
1 32 2024274.754282989
1 33 897444.7571011541
1 34 1094234.7620078395
1 35 3446822.442935953
1 36 1216375.4186903245
1 37 1682945.4002277846
1 38 520075.0145183208
1 39 1807101.0849558576
1 40 425623.02241441386
1 41 1111204.6415819582
1 42 2458492.78959418
1 43 1778370.467406528
1 44 986637.9921292954
1 45 3488863.293279443
1 46 787432.5470358623
1 47 1221890.1963404287
1 48 1911635.7462969283
1 49 1107994.6361416872
2 3 1819408.3278928036
2 4 1014288.8093654478
2 5 936033.6145585172
2 6 3553581.218309792
2 7 3310054.4289433057
2 8 2636036.719318324
2 9 2555276.3761098515
2 10 1177917.6851099425
2 11 2111541.7101259967
2 12 2404385.3216958903
2 13 1851893.6789513838
2 14 1586343.6181698195
2 15 2496818.251287384
2 16 1996886.777822773
2 17 3803105.9248876045
2 18 3225910.1192735936
2 19 3689546.4778271015
2 20 2601370.8891028995
2 21 2061022.9630361842
2 22 2044308.1635562659
2 23 1870798.9984272064
2 24 1341515.834116785
2 25 1582961.361148007
2 26 929430.3479664191
2 27 3654755.4803195815
2 28 3375900.8509446247
2 29 607385.2590681093
2 30 3470498.2860767813
2 31 3053039.2957836664
2 32 1757663.7767944813
2 33 2676099.8450399614
2 34 1348758.2927198177
2 35 1577217.4707127176
2 36 3196215.035554216
2 37 3659016.6798317684
2 38 2858027.2094548736
2 39 1572579.7278623648
2 40 2320047.2269855416
2 41 1399249.0876016396
2 42 803198.1481163263
2 43 3580889.996335126
2 44 3145190.1832744363
2 45 1756858.7134035227
2 46 2779520.385091574
2 47 2236468.579899434
2 48 1062618.2879168706
2 49 3181376.2736990363
3 4 2624259.0586910923
3 5 1249088.3619837987
3 6 1879373.5350452308
3 7 1569602.3407780486
3 8 892392.4399980502
3 9 737762.2237102219
3 10 2273976.4517360176
3 11 610936.1821469933
3 12 781678.6757894813
3 13 770474.5075382106
3 14 560791.8633646119
3 15 770260.8926348984
3 16 488928.6703195884
3 17 2197392.996315489
3 18 1482809.0287016027
3 19 2027214.5760090775
3 20 1115460.025360674
3 21 1136939.047816919
3 22 336187.4819201056
3 23 427286.05049239873
3 24 2054950.3764913415
3 25 775856.398442799
3 26 2476120.7988771405
3 27 2021569.0132243743
3 28 1662858.94403649
3 29 1242553.1305798506
3 30 1830918.4351995173
3 31 1247181.2541974105
3 32 1517566.5919142757
3 33 1010510.7222975107
3 34 480540.33307386434
3 35 2833969.9923285376
3 36 1493058.066421993
3 37 1982097.5389023484
3 38 1038619.6506805572
3 39 1270621.0767074581
3 40 527003.8012618242
3 41 706782.3555748096
3 42 1839682.1839709377
3 43 1990772.7374126723
3 44 1368697.87543847
3 45 2884800.7908745306
3 46 1035790.5759580133
3 47 961450.5991312789
3 48 1303307.0695300603
3 49 1437715.496621149
4 5 1426628.304175949
4 6 4105979.000257813
4 7 3936164.1011014017
4 8 3501324.627410512
4 9 3349805.507982553
4 10 711914.4008587104
4 11 2732698.855648359
4 12 3028510.44490709
4 13 2383715.988822947
4 14 2227969.312438098
4 15 3170477.73403833
4 16 2904865.6482582013
4 17 4284727.5470692
4 18 3859300.7839863864
4 19 4223756.686213987
4 20 3124917.8949009483
4 21 2444879.655740645
4 22 2905185.232828284
4 23 2537174.8033964536
4 24 1101799.1981096438
4 25 2129744.2130315006
4 26 163484.69553338547
4 27 4167459.610134666
4 28 3972609.586852811
4 29 1411204.6366650597
4 30 4000590.9074019585
4 31 3772674.1548534776
4 32 1916011.8959053855
4 33 3291882.106441911
4 34 2147479.854460939
4 35 718154.4028649058
4 36 3795775.1651157024
4 37 4207407.205483732
4 38 3630854.1772741736
4 39 1869643.0684192101
4 40 3060123.7118335413
4 41 2355805.49092454
4 42 856305.1478317184
4 43 4066006.1997290147
4 44 3818405.568109366
4 45 948434.5000043814
4 46 3442209.528391796
4 47 2729740.4293156513
4 48 1450063.2852715934
4 49 3817857.7994365185
5 6 2714071.3221056396
5 7 2518964.119920996
5 8 2141480.778100441
5 9 1946315.3987171708
5 10 1027965.6052940657
5 11 1309020.862265559
5 12 1606444.625987039
5 13 979566.7172321762
5 14 801981.2598915389
5 15 1743942.657463394
5 16 1623003.3118728602
5 17 2928853.832217232
5 18 2440116.6943069533
5 19 2840619.3151827506
5 20 1736599.008616186
5 21 1134136.531967885
5 22 1564075.6002822148
5 23 1111159.30961745
5 24 868759.2315426681
5 25 714230.5151137752
5 26 1268312.1351420889
5 27 2794240.940766876
5 28 2563636.699962257
5 29 460692.78746348387
5 30 2617749.455343002
5 31 2346746.46867005
5 32 856803.658206131
5 33 1873302.4411463437
5 34 808623.3264625553
5 35 1587313.9407912486
5 36 2384836.0525655444
5 37 2817877.209713252
5 38 2215491.6135004708
5 39 641797.5903737898
5 40 1641390.2053122062
5 41 1238973.3328449281
5 42 596035.8279970092
5 43 2706583.933648144
5 44 2393043.986641448
5 45 1653773.271234682
5 46 2016882.1610136493
5 47 1350604.459087884
5 48 157147.68918191956
5 49 2397850.463938908
6 7 376280.5005352241
6 8 1631108.8388612124
6 9 1358382.6422960425
6 10 3524685.0204007654
6 11 1442558.6328614433
6 12 1154862.6558566215
6 13 1734558.315980603
6 14 1967415.5922051424
6 15 1109733.4082841363
6 16 2076497.0304270883
6 17 368691.65438841126
6 18 447993.35023978614
6 19 149425.67027446872
6 20 981460.2289434067
6 21 1682773.4674081309
6 22 1870532.7179352485
6 23 1689465.5304584233
6 24 3160796.0919762566
6 25 2001183.4034723805
6 26 3942742.7877649795
6 27 186018.64122905402
6 28 244115.453269314
6 29 2946545.7907921304
6 30 132567.68887077863
6 31 838392.2840597717
6 32 2292199.0291832956
6 33 887626.8107818159
6 34 2259636.3267786023
6 35 4020455.3194914334
6 36 388779.25640712376
6 37 105545.38089959207
6 38 1131638.1380856424
6 39 2253990.336262176
6 40 1366207.395277406
6 41 2574079.0857614875
6 42 3250023.9253832665
6 43 277763.5366866736
6 44 623819.1239615536
6 45 3962148.905755916
6 46 850470.3684213685
6 47 1376239.169040596
6 48 2661815.89872131
6 49 485501.48174058786
7 8 1255324.252743241
7 9 993851.0023200475
7 10 3397971.4368039365
7 11 1213189.0809428666
7 12 914838.9896283532
7 13 1553646.3115766582
7 14 1738005.699270621
7 15 817553.3818081834
7 16 1722561.3807010457
7 17 744883.4584927825
7 18 86795.37021355383
7 19 517420.98624842084
7 20 855079.4376000011
7 21 1582634.496701404
7 22 1524582.4029953585
7 23 1440854.2673467086
7 24 3055047.8568725144
7 25 1807388.946169354
7 26 3774423.793381426
7 27 560164.0879537511
7 28 135308.67477528445
7 29 2703842.6036510365
7 30 415947.7895745415
7 31 462160.2387551612
7 32 2211302.384599026
7 33 645680.5896121551
7 34 1983600.244595998
7 35 3917762.081958532
7 36 169216.95014998797
7 37 457144.7975051951
7 38 755855.2120898644
7 39 2128662.007677571
7 40 1044527.9815562853
7 41 2247759.32187465
7 42 3082005.1805421175
7 43 617758.7807378469
7 44 248107.8867456438
7 45 3882183.677995294
7 46 537248.5163809324
7 47 1238216.8689490072
7 48 2486344.477318844
7 49 131916.08040235357
8 9 369111.592352889
8 10 3165617.3390713334
8 11 1149195.9731854785
8 12 1051326.2592963455
8 13 1495710.6494979328
8 14 1410471.5755989493
8 15 864687.9237865116
8 16 661173.4093020946
8 17 1998927.929457238
8 18 1184798.4689484395
8 19 1772229.4372769475
8 20 1367323.7106536138
8 21 1787025.4536864813
8 22 597381.2377940281
8 23 1157380.1610561262
8 24 2934039.8827695143
8 25 1604921.8218767606
8 26 3357120.5613671388
8 27 1812698.7888421644
8 28 1387359.4999476527
8 29 2098426.8854589188
8 30 1648770.965617332
8 31 795490.1775782611
8 32 2307108.7310513793
8 33 1067797.6075419718
8 34 1356280.7678352247
8 35 3725574.4862632584
8 36 1281790.8298808553
8 37 1710598.8618349766
8 38 499487.67638059193
8 39 2092393.9090694794
8 40 677985.1082751143
8 41 1289945.6105610374
8 42 2731212.0372669487
8 43 1848463.6201435332
8 44 1007344.3867355157
8 45 3771247.4270125316
8 46 912191.0562139964
8 47 1476019.579938326
8 48 2192056.2081798883
8 49 1151235.8865090525
9 10 2951152.514831897
9 11 818761.2252094684
9 12 686724.2193190868
9 13 1189690.8344213592
9 14 1167046.407569993
9 15 495904.08458232804
9 16 737483.1207567519
9 17 1718370.3579090897
9 18 913366.3259235279
9 19 1505614.7328182943
9 20 998245.2726501294
9 21 1449717.639037597
9 22 563897.5119999724
9 23 879992.0818184079
9 24 2687738.4921829854
9 25 1338536.3889188173
9 26 3198337.136298126
9 27 1531455.6240490626
9 28 1116336.8248754067
9 29 1979879.4517345834
9 30 1354885.0739901643
9 31 572474.5578960828
9 32 2002054.8089861758
9 33 703536.6314116372
9 34 1217101.789035394
9 35 3508016.1616178723
9 36 983923.3760113822
9 37 1448359.6823751663
9 38 310071.25204450137
9 39 1807379.2250501697
9 40 345450.36312276614
9 41 1314094.8256107098
9 42 2542338.5684970287
9 43 1547899.4793864454
9 44 752698.2615420659
9 45 3534059.913651561
9 46 567334.1190813568
9 47 1123187.3980664727
9 48 1973917.0094864296
9 49 873498.449670155
10 11 2237455.3753669756
10 12 2519713.504114313
10 13 1858910.3639289432
10 14 1785211.2038630906
10 15 2687119.2073308397
10 16 2646405.93782235
10 17 3668534.1545146536
10 18 3327336.716144188
10 19 3631536.56878266
10 20 2556139.856196504
10 21 1842150.184429237
10 22 2591925.6751706293
10 23 2084592.8692617568
10 24 398845.0908321332
10 25 1636560.1623462324
10 26 575360.1032174496
10 27 3566508.27408498
10 28 3417036.700712341
10 29 1244398.598775352
10 30 3410795.9347046996
10 31 3299530.3324170574
10 32 1259739.3521712483
10 33 2767180.972932838
10 34 1834812.2857325303
10 35 559994.178817957
10 36 3246124.2382959942
10 37 3622186.307507324
10 38 3203262.7713894066
10 39 1272857.0296213585
10 40 2629689.4271382014
10 41 2203074.8374276417
10 42 479589.7112086207
10 43 3454997.0397750176
10 44 3312212.2911177836
10 45 644654.6355783747
10 46 2941045.588029535
10 47 2162863.1937481286
10 48 977676.9564148735
10 49 3288833.59218822
11 12 298379.9271455179
11 13 389449.1071861005
11 14 527288.1926897969
11 15 449929.36214935925
11 16 1049150.7237038463
11 17 1710520.7924435437
11 18 1132731.5393697259
11 19 1580469.0877149582
11 20 536790.8513741934
11 21 637981.9693119535
11 22 835463.2183771204
11 23 256511.4355521979
11 24 1931764.727543706
11 25 606477.4487484291
11 26 2572409.666672908
11 27 1551713.032346409
11 28 1267841.4606793062
11 29 1504272.8544361515
11 30 1364206.5478613465
11 31 1062336.1763217507
11 32 1189179.3246101236
11 33 569003.634988441
11 34 843576.9142583337
11 35 2780370.8275713245
11 36 1087881.4893751603
11 37 1548072.9506448517
11 38 999842.9734769844
11 39 1016519.3508180992
11 40 475687.9330228389
11 41 1286055.6178570755
11 42 1884099.2435043915
11 43 1491567.3780660958
11 44 1086248.447453834
11 45 2779335.457633666
11 46 710371.6828314796
11 47 364801.9121796725
11 48 1288704.4955194946
11 49 1089906.9086799119
12 13 660856.0945560437
12 14 824106.0591648939
12 15 207072.7507257917
12 16 1132088.958107421
12 17 1440676.7053413833
12 18 834400.9727130629
12 19 1296114.3327668624
12 20 356122.9471123309
12 21 809332.8135096298
12 22 905804.0222996431
12 23 535106.1061087252
12 24 2201121.969055471
12 25 899401.0848312606
12 26 2867755.0652301027
12 27 1274412.6363985315
12 28 971929.62819776
12 29 1797034.912326904
12 30 1084597.4874690461
12 31 792477.0834947529
12 32 1415593.6475966556
12 33 271956.08927794907
12 34 1108402.9617554806
12 35 3056542.5400547325
12 36 792060.4227450121
12 37 1260343.134594074
12 38 785941.4152620516
12 39 1274994.2472196142
12 40 404241.9445743574
12 41 1487173.9657630604
12 42 2177846.5936640226
12 43 1226284.6514939764
12 44 794087.18131082
12 45 3045112.893405584
12 46 421383.0626865047
12 47 455452.89491434203
12 48 1581762.9423820472
12 49 791696.2723062398
13 14 337741.4789311875
13 15 836028.9184492003
13 16 1258237.656135954
13 17 1956658.9883925605
13 18 1478488.7684313373
13 19 1861377.1932392097
13 20 758241.4328071087
13 21 375313.8665345836
13 22 1077130.8174597109
13 23 357036.3247058424
13 24 1544322.5199643592
13 25 270252.81019046146
13 26 2221549.147816397
13 27 1816857.300234895
13 28 1589469.4687594736
13 29 1256745.0962285462
13 30 1638729.9531155536
13 31 1446635.7032456917
13 32 813476.9630954665
13 33 912606.8079954152
13 34 759565.5821338083
13 35 2396655.381925636
13 36 1412142.6563792913
13 37 1838311.8144314191
13 38 1388026.7609024195
13 39 627264.2245978462
13 40 844478.832470933
13 41 1308479.7182940433
13 42 1528615.4157498511
13 43 1734089.2670345607
13 44 1453699.0714220558
13 45 2391074.4935308737
13 46 1082234.8447852086
13 47 385284.1332103425
13 48 933712.967279529
13 49 1438105.5418200304
14 15 945052.544200519
14 16 1036502.614294021
14 17 2222510.288577373
14 18 1656292.9236379515
14 19 2103261.7270140084
14 20 1024573.6350948032
14 21 695094.3349083394
14 22 895978.7555602347
14 23 309224.5534477154
14 24 1526421.9870788641
14 25 217999.22320462862
14 26 2070202.4315874304
14 27 2069983.0134107277
14 28 1795086.338094174
14 29 979843.659072331
14 30 1884688.0752526484
14 31 1544831.5973918089
14 32 961727.2227833642
14 33 1095752.982198881
14 34 423517.20051178086
14 35 2341163.628536705
14 36 1615123.3042853232
14 37 2072806.499207419
14 38 1420891.7233914223
14 39 710024.2943012088
14 40 846052.5851709157
14 41 985030.4753552232
14 42 1392618.6735022985
14 43 2001245.3655796992
14 44 1597245.1117302969
14 45 2369531.3463076283
14 46 1222094.034131702
14 47 696680.2960518611
14 48 809931.7779479051
14 49 1612812.5660435287
15 16 1038146.1536765728
15 17 1429404.1826642298
15 18 731914.4522105791
15 19 1257192.5126148472
15 20 504827.3163676753
15 21 1014186.9193757302
15 22 814367.690326049
15 23 638052.3773820067
15 24 2380270.807300214
15 25 1053332.627642873
15 26 3011470.3279275387
15 27 1251916.5330322934
15 28 899065.2505012488
15 29 1892418.7120442737
15 30 1061530.1500938395
15 31 612452.4097403171
15 32 1613185.9824934348
15 33 256384.87488684512
15 34 1166087.913696198
15 35 3230229.7930071056
15 36 725390.4058803477
15 37 1213028.460713411
15 38 579512.9271316398
15 39 1459949.037326583
15 40 282732.3638083896
15 41 1470725.149510947
15 42 2326846.648357614
15 43 1227024.7285205647
15 44 653391.6213328154
15 45 3227055.9526579683
15 46 282718.92477190384
15 47 662428.7803404381
15 48 1733314.5369817496
15 49 686916.3321239548
16 17 2426446.994632045
16 18 1639312.3765588733
16 19 2225482.672625917
16 20 1487685.0049629307
16 21 1620610.1666947056
16 22 226456.95574559207
16 23 908492.9755562783
16 24 2470751.4780090936
16 25 1254320.8389340474
16 26 2768895.2156870025
16 27 2241421.8731822446
16 28 1838974.1195717913
16 29 1493738.6827839816
16 30 2057326.5562392017
16 31 1309555.8355068462
16 32 1998145.5235403276
16 33 1294248.1182165653
16 34 815160.5127555178
16 35 3202194.002808997
16 36 1691721.2289095582
16 37 2171172.4032631363
16 38 1031307.1262402984
16 39 1743803.5402514322
16 40 755592.5523309933
16 41 628937.2532844524
16 42 2186250.382956139
16 43 2240053.622313728
16 44 1486752.5709331434
16 45 3276776.5827281754
16 46 1238999.013732038
16 47 1413050.0403959912
16 48 1706183.1604074345
16 49 1597284.0807206251
17 18 814405.0747321406
17 19 240608.28410121019
17 20 1201773.47142475
17 21 1839937.8428577806
17 22 2215305.0395496003
17 23 1965018.6135783347
17 24 3289461.7797376327
17 25 2226889.0614933735
17 26 4121311.7380466037
17 27 187083.64274262215
17 28 611629.7843036413
17 29 3199948.382075588
17 30 370024.1898620513
17 31 1207038.0070649914
17 32 2413429.528100056
17 33 1188311.7302448442
17 34 2547553.8871848355
17 35 4137143.2300875685
17 36 736112.0007027301
17 37 306040.98880038946
17 38 1499587.5236256132
17 39 2415850.2324595544
17 40 1698708.412254847
17 41 2900116.810956492
17 42 3434526.2539524846
17 43 222569.91979065447
17 44 992012.0044816445
17 45 4057838.732378338
17 46 1189469.1656161752
17 47 1578386.9698317365
17 48 2860206.9475881224
17 49 849818.6802643538
18 19 593182.770868856
18 20 794913.6692961786
18 21 1520350.844859008
18 22 1439828.5457837891
18 23 1357671.9651777234
18 24 2987982.8034808575
18 25 1729784.9755841724
18 26 3697839.9057369903
18 27 627932.5212139236
18 28 204025.73405780343
18 29 2620006.4551726887
18 30 469732.32016906864
18 31 398553.3676443257
18 32 2149969.238594484
18 33 567439.3794214635
18 34 1897780.2718534716
18 35 3850263.1014326145
18 36 147699.94897213863
18 37 535051.1493602723
18 38 685837.5249325878
18 39 2060197.1039144045
18 40 957771.6457082302
18 41 2161422.4036325887
18 42 3005968.1902784905
18 43 672183.9479591695
18 44 181400.43914610366
18 45 3818313.7228166508
18 46 450958.0883559953
18 47 1171460.3086189083
18 48 2409983.2069110316
18 49 45212.171033407045
19 20 1104327.6030561097
19 21 1790049.357456838
19 22 2019892.467302318
19 23 1829594.0483926986
19 24 3262440.8243270516
19 25 2129586.5281922435
19 26 4060350.3666852284
19 27 102086.23529240908
19 28 389411.8542727844
19 29 3083026.7130993395
19 30 223369.52124161457
19 31 977420.522752494
19 32 2389835.561573583
19 33 1031222.7940137802
19 34 2402923.4427580633
19 35 4119226.075565496
19 36 538066.6583019499
19 37 65449.998672209105
19 38 1272914.1696345191
19 39 2364446.6149691194
19 40 1515247.9492928102
19 41 2722919.715751888
19 42 3368730.3570178384
19 43 244401.17256550665
19 44 765480.090437645
19 45 4054006.080426567
19 46 999694.6252705001
19 47 1496057.349133021
19 48 2783777.636606215
19 49 632137.9667803637
20 21 727799.1121232805
20 22 1261559.94423047
20 23 791672.5106561688
20 24 2204508.743748257
20 25 1027722.4053178136
20 26 2961767.7996814693
20 27 1058649.5008910845
20 28 861519.426362019
20 29 1998921.8253411995
20 30 881249.7973105629
20 31 920984.0344133216
20 32 1356238.6397968046
20 33 332465.85313313303
20 34 1378004.1269543078
20 35 3067386.3539322806
20 36 694755.8022649321
20 37 1083845.4826763691
20 38 1017672.3337477226
20 39 1283350.483832637
20 40 754943.2848425872
20 41 1812036.895992185
20 42 2268790.9243727825
20 43 979519.8625770502
20 44 834127.9639898874
20 45 3027604.977409489
20 46 546254.3507713198
20 47 395795.1444749353
20 48 1680551.9892402117
20 49 762933.5915488312
21 22 1428354.8741397825
21 23 712119.6110512208
21 24 1480606.6754283817
21 25 544551.0460671575
21 26 2281498.435477963
21 27 1727603.8008518917
21 28 1586321.525475082
21 29 1498431.2391938197
21 30 1568804.704444569
21 31 1585566.1154173934
21 32 629867.6072165694
21 33 994871.4801720558
21 34 1117203.0201254822
21 35 2342748.1206404115
21 36 1422332.8126987568
21 37 1780036.5688063852
21 38 1593417.8357490862
21 39 576258.2864792234
21 40 1111266.4308342459
21 41 1678083.4328660564
21 42 1597023.9684370607
21 43 1621893.7909866858
21 44 1540736.990758221
21 45 2299810.659108042
21 46 1200078.6959106843
21 47 362166.53784060123
21 48 1039715.3293138026
21 49 1486389.6329483977
22 23 720882.0387706178
22 24 2385585.2589191184
22 25 1109342.5181550405
22 26 2762188.9910101662
22 27 2031473.927921834
22 28 1636367.9560792318
22 29 1501046.1422973014
22 30 1845459.9785979686
22 31 1131936.7400293716
22 32 1848037.2669411104
22 33 1070732.0229107025
22 34 764953.7357465073
22 35 3151387.9025255046
22 36 1483369.4862516029
22 37 1967362.3810430565
22 38 871406.3781719307
22 39 1604974.6772205532
22 40 531647.5759579657
22 41 750652.3322246405
22 42 2146705.179936315
22 43 2024775.1767071956
22 44 1295487.2923530042
22 45 3209946.147223728
22 46 1025881.7061838777
22 47 1200264.9594530838
22 48 1628691.819247574
22 49 1396726.9696151493
23 24 1808691.9224115876
23 25 458583.6996734906
23 26 2379417.1590531436
23 27 1804009.7225123404
23 28 1505265.2945702896
23 29 1263779.9817960954
23 30 1615473.8913609402
23 31 1235611.1461117372
23 32 1153232.9822828106
23 33 805946.716063119
23 34 587119.6288946833
23 35 2637541.1994157694
23 36 1325737.6034384978
23 37 1794991.2617640842
23 38 1118684.7403357825
23 39 935714.6850798243
23 40 546398.1229870791
23 41 1051571.5054097685
23 42 1700661.47215626
23 43 1746777.4893337453
23 44 1291290.4152679106
23 45 2656073.163639897
23 46 917574.4592726983
23 47 552391.6920888305
23 48 1113935.4599765732
23 49 1313585.4994192629
24 25 1350596.4687415338
24 26 954875.6995127677
24 27 3193924.4017774966
24 28 3065582.796123289
24 29 1215382.6981389425
24 30 3043604.8902906124
24 31 2990695.656280903
24 32 876032.2989136146
24 33 2436625.9840792636
24 34 1658146.8244549045
24 35 862914.0994737503
24 36 2898594.1317429254
24 37 3256163.3010370145
24 38 2920046.492338486
24 39 929298.0185201654
24 40 2353944.55186354
24 41 2105883.127881563
24 42 538634.9929835593
24 43 3078594.6365271327
24 44 2986025.5535716647
24 45 848581.3794179633
24 46 2621139.4245789805
24 47 1816903.5945572786
24 48 765198.7277223304
24 49 2951234.6613953863
25 26 1968647.6946972795
25 27 2086340.6622482152
25 28 1849641.143686738
25 29 991539.4776895967
25 30 1907280.046194087
25 31 1664829.5947911332
25 32 743826.6579241637
25 33 1162353.889775259
25 34 597168.1750848618
25 35 2185298.2401184295
25 36 1671070.6914084058
25 37 2105350.090759639
25 38 1571717.0853358307
25 39 495930.91334704024
25 40 1003370.0052219604
25 41 1172573.4193263636
25 42 1278486.8185343863
25 43 2004320.2272749161
25 44 1692046.5183569612
25 45 2198510.046530973
25 46 1316573.438723178
25 47 653551.3185082795
25 48 682558.4094239871
25 49 1688173.0488100983
26 27 4003981.180539054
26 28 3810119.5847792653
26 29 1276203.5513614472
26 30 3837198.162786817
26 31 3615027.089042128
26 32 1755927.8664145516
26 33 3130476.2590079
26 34 2001485.3322548394
26 35 696099.9761183969
26 36 3633462.843721619
26 37 4044106.395189448
26 38 3476986.962009526
26 39 1706388.6721516754
26 40 2905144.069123692
26 41 2232536.973188644
26 42 693465.7284324425
26 43 3902548.758246846
26 44 3658425.673488556
26 45 912503.599124431
26 46 3282274.9350549974
26 47 2566513.795819772
26 48 1288096.7787459255
26 49 3656530.970457058
27 28 425971.86887766246
27 29 3049482.9142129654
27 30 190883.27849602993
27 31 1022124.61285308
27 32 2319493.1975587956
27 33 1015961.6329223543
27 34 2382806.3651803215
27 35 4048281.482772002
27 36 550071.2432004921
27 37 153325.33087086922
27 38 1313532.3545480354
27 39 2303410.9646171615
27 40 1517864.2407358198
27 41 2722126.98675077
27 42 3313818.3087342354
27 43 143740.29539208126
27 44 806374.8946484621
27 45 3978819.172455566
27 46 1006162.7767453111
27 47 1445307.5429669698
27 48 2732565.306748736
27 49 662900.1479401184
28 29 2768655.6465374897
28 30 282822.06098266196
28 31 596264.80784479
28 32 2210450.774443754
28 33 699992.7355674468
28 34 2061860.6526677627
28 35 3928334.5080684447
28 36 179963.12748132006
28 37 332475.8405873015
28 38 887969.3902376454
28 39 2144528.8099760017
28 40 1142436.742061731
28 41 2349995.072544017
28 42 3116731.308572718
28 43 483545.7026479473
28 44 380448.99915082444
28 45 3884210.4689683155
28 46 627312.9749606719
28 47 1254346.8308648064
28 48 2522992.4406325542
28 49 242860.61843726542
29 30 2864509.2225388363
29 31 2458051.9523979216
29 32 1312127.38818764
29 33 2068790.0832971162
29 34 762891.2884378326
29 35 1769841.5441401252
29 36 2588929.4316938557
29 37 3052011.119701005
29 38 2276399.188771011
29 39 1078952.5383048959
29 40 1725866.2687274292
29 41 972357.153104685
29 42 765125.7842782928
29 43 2978073.806083009
29 44 2542835.8081003292
29 45 1888396.4867143051
29 46 2174943.1273641046
29 47 1642001.0382097224
29 48 617288.8836970531
29 49 2575599.144927945
30 31 868278.4380701749
30 32 2172589.748383985
30 33 825139.9439047438
30 34 2192962.5459327563
30 35 3901761.883235611
30 36 371061.8194804087
30 37 213351.42440050488
30 38 1152029.0646441916
30 39 2142468.0785096586
30 40 1329011.1076600244
30 41 2532032.455618248
30 42 3145457.904657007
30 43 202604.6088153115
30 44 651128.7001598619
30 45 3840042.6827763976
30 46 819579.9132348894
30 47 1272688.0758869376
30 48 2560421.5627355976
30 49 498883.38921147434
31 32 2204141.0021109423
31 33 599274.7166494868
31 34 1704620.949096966
31 35 3842357.176566536
31 36 518553.2701629186
31 37 915349.4468398737
31 38 297893.5699799801
31 39 2066784.3072254094
31 40 733008.9358279369
31 41 1877985.8651911123
31 42 2934303.7063367665
31 43 1070675.40587128
31 44 217195.87509864478
31 45 3836271.142142568
31 46 386371.614437567
31 47 1223478.0460862352
31 48 2342788.95822136
31 49 372062.47967919667
32 33 1620826.713913809
32 34 1288579.8308314346
32 35 1729393.039557412
32 36 2049581.8152889914
32 37 2385682.04617897
32 38 2184752.5212734244
32 39 274063.96785243327
32 40 1656607.0092198197
32 41 1854810.2805969936
32 42 1115927.8501705653
32 43 2202896.4231618163
32 44 2168951.623235672
32 45 1673880.4191414951
32 46 1821306.3763787623
32 47 987209.2378738759
32 48 707427.889929437
32 49 2116217.9117543967
33 34 1372035.7728948318
33 35 3296658.7751358296
33 36 520162.26346925966
33 37 992817.8475713744
33 38 687122.5494205941
33 39 1507336.0919445844
33 40 539084.5884147722
33 41 1715853.016706383
33 42 2438837.55387252
33 43 980262.685633816
33 44 550264.3445717609
33 45 3274665.818876679
33 46 215962.9125971784
33 47 633818.5423634459
33 48 1842751.8044119815
33 49 526113.0141844054
34 35 2392692.3870251575
34 36 1884823.933107152
34 37 2364747.807057693
34 38 1514013.197138697
34 39 1016342.7250512555
34 40 971854.7496495673
34 41 576541.7968466976
34 42 1382887.8724985374
34 43 2330819.6218098304
34 44 1804285.6838095225
34 45 2462128.118387502
34 46 1447192.7189424478
34 47 1096554.53549699
34 48 892949.8597565012
34 49 1852697.8186543449
35 36 3761507.3271241654
35 37 4114729.552860188
35 38 3755805.6369518163
35 39 1790349.1702779937
35 40 3183598.8926793723
35 41 2739555.69891153
35 42 1019515.6622260133
35 43 3929672.5492290845
35 44 3845093.8019548384
35 45 235044.50698249292
35 46 3477586.4234048394
35 47 2679552.2320236606
35 48 1536232.285371428
35 49 3813218.0014244993
36 37 489588.34104206995
36 38 788731.3658924499
36 39 1974622.5149315
36 40 977596.705083721
36 41 2185668.5130428476
36 42 2940227.6973099974
36 43 567353.9473877649
36 44 308950.3205776021
36 45 3722064.7413374973
36 46 461702.5824112791
36 47 1083555.1438823438
36 48 2345849.6486610076
36 49 152259.81649731146
37 38 1211544.0977498603
37 39 2352658.921237856
37 40 1466961.2627552766
37 41 2675134.480710646
37 42 3351682.55301254
37 43 286089.9128614503
37 44 704780.4266010282
37 45 4053394.0101637268
37 46 950843.5278691251
37 47 1477889.9307541936
37 48 2764397.471419641
37 49 575178.7284266913
38 39 2015115.3038871528
38 40 574947.7216958215
38 41 1622055.7823456095
38 42 2810428.155757681
38 43 1352911.2230292144
38 44 507856.79069214396
38 45 3768610.512182514
38 46 486200.1884321196
38 47 1241256.2597880773
38 48 2230639.31732883
38 49 653385.0977662528
39 40 1464333.7168943728
39 41 1580907.8736491029
39 42 1026567.3268403513
39 43 2198113.8286128757
39 44 2056877.8768628517
39 45 1770254.5694580188
39 46 1693528.488975255
39 47 891091.4819832877
39 48 511038.7045065742
39 49 2022930.077165351
40 41 1208204.1378176077
40 42 2235847.090307114
40 43 1501555.1999441627
40 44 842083.0391947413
40 45 3201836.8541390956
40 46 516152.2966311758
40 47 799673.6261896626
40 48 1655928.714384352
40 49 912844.8724312412
41 42 1725004.633127685
41 43 2695774.1971901483
41 44 2029831.3566249043
41 45 2847243.5612548776
41 46 1724356.4235811583
41 47 1601715.8994061248
41 48 1363185.630978532
41 49 2116982.5185850887
42 43 3214746.739754352
42 44 2970271.6666190433
42 45 1124144.8914795457
42 46 2594468.2236352484
42 47 1873830.4909634897
42 48 596199.0477029252
42 49 2964948.839862976
43 44 853581.6796513657
43 45 3855522.6970466087
43 46 1001279.4994527284
43 47 1356033.2376813726
43 48 2638851.043266995
43 49 700485.3237787469
44 45 3824890.1259455928
44 46 376205.1891828997
44 47 1181905.2863535935
44 48 2374591.951550169
44 49 157912.02255116755
45 46 3463688.275815365
45 47 2647803.106869091
45 48 1581718.7366414936
45 49 3783026.7099696463
46 47 837912.306764021
46 48 1999010.6881430182
46 49 405784.8352867186
47 48 1287851.78610937
47 49 1135456.260221386
48 49 2368863.2312588994
1 62200 0 405
2 77100 0 367
3 64200 0 236
4 115800 0 2977
5 79000 0 330
6 133800 0 329
7 88700 0 67
8 72400 0 1294
9 71200 0 648
10 67700 0 101
11 59200 0 1144
12 60800 0 555
13 49500 0 278
14 48800 0 248
15 61500 0 369
16 67900 0 422
17 79500 0 123
18 138500 0 479
19 161400 0 602
20 48400 0 930
21 70900 0 438
22 54600 0 258
23 61500 0 512
24 63200 0 80
25 61700 0 158
26 99300 0 121
27 112400 0 111
28 71300 0 774
29 99000 0 152
30 101800 0 1800
31 96600 0 663
32 67900 0 64
33 66000 0 1085
34 54900 0 315
35 60300 0 285
36 38400 0 1189
37 113000 0 101
38 72600 0 349
39 59500 0 70
40 74400 0 488
41 72600 0 1699
42 67200 0 173
43 94100 0 57
44 66600 0 619
45 77800 0 487
46 66100 0 180
47 75200 0 490
48 68700 0 46
49 123900 0 61
1150000 0 5000
